4 0.28906666666666664 0.826537842190016 0.05975000000000004 0.2608856682769726
4 0.6679666666666666 0.8718357487922704 0.05899166666666664 0.2488566827697262
4 0.3662083333333333 0.8411594202898551 0.061308333333333374 0.24001610305958124
4 0.21569999999999998 0.8562640901771337 0.06780833333333333 0.25098228663446065
4 0.588375 0.8557971014492755 0.060091666666666585 0.24792270531400973
4 0.81445 0.8595652173913043 0.06408333333333341 0.26536231884057965
4 0.14953333333333332 0.1460064412238325 0.06064166666666665 0.24083735909822868
4 0.51465 0.13291465378421902 0.058349999999999985 0.2625442834138486
4 0.21765 0.14318840579710143 0.05987500000000002 0.23317230273752015
4 0.8862333333333333 0.8576811594202899 0.06830000000000003 0.27078904991948477
4 0.9668000000000001 0.8675845410628019 0.06475833333333336 0.2557004830917874
4 0.5908166666666667 0.12442834138486311 0.057799999999999914 0.2371819645732689
4 0.44165000000000004 0.14578099838969405 0.054900000000000046 0.2644283413848631
1 0.21655000000000002 0.5585829307568438 0.13269166666666668 0.10533011272141701
4 0.6743166666666667 0.15001610305958132 0.05954166666666671 0.2542834138486313
4 0.5185583333333333 0.8468276972624799 0.0654916666666666 0.2948631239935587
4 0.36719166666666664 0.16359098228663446 0.0675666666666667 0.24838969404186795
4 0.73975 0.8756038647342995 0.05813333333333333 0.2413043478260869
4 0.8305666666666667 0.19837359098228663 0.0823999999999999 0.28046698872785825
3 0.2941666666666667 0.17516908212560386 0.07000833333333333 0.292012882447665
3 0.083175 0.17141706924315622 0.06967500000000001 0.31671497584541064
3 0.016774999999999995 0.16721417069243158 0.033541666666666664 0.3050724637681159
3 0.073725 0.8171980676328503 0.05745 0.29104669887278584
3 0.15049166666666666 0.8257004830917875 0.06098333333333334 0.2854911433172302
3 0.435525 0.8088727858293076 0.06439166666666665 0.23895330112721413
3 0.739175 0.1700805152979066 0.07502499999999998 0.310805152979066
3 0.9604166666666667 0.1865378421900161 0.07916666666666666 0.34373590982286634