4 0.37548828125 0.717032967032967 0.08227734375000004 0.25326373626373627
4 0.270265625 0.709478021978022 0.07849218750000002 0.2529175824175824
4 0.88525390625 0.7019230769230769 0.0828242187499999 0.25790109890109897
4 0.88818359375 0.4107142857142857 0.08196875000000006 0.24107142857142858
4 0.07080078125 0.7163461538461539 0.0888046875 0.26150549450549454
4 0.67138671875 0.7232142857142857 0.07397656250000004 0.2565274725274726
4 0.78125 0.41174725274725277 0.07159374999999998 0.2477692307692308
4 0.57080078125 0.409 0.07721093749999994 0.26665384615384613
4 0.57373046875 0.7177197802197802 0.07452343750000008 0.2682032967032968
4 0.2712421875 0.42376373626373626 0.07849218750000002 0.24296153846153848
4 0.37378125 0.43543956043956045 0.07489062500000002 0.21771978021978022
4 0.8134765625 0.8729395604395604 0.12249609375000006 0.2206373626373626
4 0.96923828125 0.7012362637362637 0.0615234375 0.22768131868131875
4 0.1734609375 0.42204945054945053 0.08679296874999998 0.24845604395604398
4 0.07238671875 0.4268571428571429 0.091734375 0.237467032967033
1 0.49560546875 0.06696703296703296 0.16003515625000003 0.11143406593406593
3 0.1757109375 0.7369065934065935 0.09621484375000003 0.2902582417582418
3 0.47920703124999997 0.4101153846153846 0.09122265625000008 0.26304395604395603
3 0.6722265625 0.3978021978021978 0.09185156249999996 0.27138461538461545
3 0.47653125 0.7276428571428571 0.09889062499999994 0.28271978021978034