4 0.6337915742793792 0.17658021133525456 0.13317812269031784 0.08266090297790588
4 0.2619660014781966 0.6219308357348703 0.14636363636363633 0.07567723342939478
4 0.1248780487804878 0.4994524495677233 0.1453880266075388 0.0743323727185398
4 0.2875979305247598 0.4969068203650336 0.12402069475240203 0.07072046109510081
4 0.07720620842572061 0.8281844380403458 0.14709534368070953 0.07623439000960605
4 0.630369549150037 0.06591738712776177 0.13684405025868449 0.08955811719500482
4 0.780761271249076 0.6212968299711815 0.1345232815964524 0.10923150816522578
4 0.26562453806356245 0.9214793467819404 0.13476718403547674 0.07595581171950042
4 0.0792239467849224 0.6095581171950047 0.15539541759053954 0.07349663784822286
4 0.6342793791574279 0.7101440922190202 0.13660014781965996 0.07044188280499512
4 0.27172949002217295 0.8116810758885687 0.14465631929046566 0.07968299711815566
4 0.07989652623798965 0.7063400576368876 0.15075388026607536 0.0725456292026897
4 0.7875979305247597 0.2711431316042267 0.1340354767184035 0.10352545629202688
4 0.809571322985957 0.05755043227665706 0.13610495195861055 0.11463016330451488
4 0.7973614190687361 0.8561095100864554 0.13183296378418322 0.1069356388088376
4 0.6352549889135255 0.28701248799231505 0.13158906134515888 0.07826128722382328
4 0.6391574279379157 0.9309990393852065 0.13610495195861055 0.07794428434197896
4 0.7885735402808574 0.5305475504322766 0.13073909830007382 0.1112199807877041
4 0.6269549150036955 0.5007204610951008 0.1352549889135255 0.07123919308357352
4 0.803710273466371 0.1667435158501441 0.13586104951958614 0.12152737752161383
4 0.07751662971175166 0.1870509125840538 0.1368440502586844 0.0763976945244957
4 0.6372062084257206 0.8186647454370798 0.13660014781965996 0.07584053794428439
4 0.7910125646711013 0.40267050912584057 0.13073909830007382 0.10535062439961572
4 0.08569105691056911 0.2879634966378482 0.13733185513673318 0.0804418828049952
4 0.7866223207686622 0.9538424591738713 0.1326903178122691 0.0889241114313161
4 0.2646489283074649 0.2852641690682036 0.13660014781966004 0.07655139289145046
4 0.7900369549150037 0.7463208453410182 0.1340354767184035 0.10058597502401541
4 0.6215816703621582 0.6070220941402498 0.13366592756836654 0.07226705091258408
4 0.6347671840354767 0.39600384245917386 0.12853658536585372 0.07694524495677235
4 0.2751441241685144 0.18324687800192122 0.1217073170731707 0.07215177713736792
4 0.25121951219512195 0.07766570605187319 0.11981522542498153 0.08087415946205571
3 0.26841832963784185 0.3987800192122959 0.17960827790096082 0.08953890489913548
3 0.09231337767923134 0.3976176753121998 0.17477457501847743 0.10324687800192124
3 0.09573540280857354 0.08668587896253602 0.1766888396156689 0.09296829971181557
3 0.2765631929046563 0.7104226705091258 0.1786548410938655 0.10124879923150826
3 0.09430155210643015 0.9177137367915467 0.1664227642276423 0.0995581171950049