4 0.6821302083333334 0.912324074074074 0.04068229166666673 0.16503703703703693
4 0.6831041666666666 0.4275185185185185 0.03942708333333324 0.1710092592592593
4 0.8637708333333334 0.4531296296296296 0.04525520833333327 0.18609259259259261
4 0.67578125 0.19541666666666668 0.04208333333333343 0.1750185185185185
4 0.7939479166666668 0.9236111111111112 0.042234375000000074 0.14626851851851844
4 0.8618177083333334 0.2174444444444444 0.04311979166666665 0.16862037037037036
4 0.7998072916666668 0.2326388888888889 0.03488020833333323 0.13758333333333336
4 0.6137708333333334 0.22569444444444445 0.04272395833333344 0.19194444444444442
4 0.4956041666666666 0.21636111111111112 0.039427083333333356 0.15983333333333336
4 0.501953125 0.9279537037037038 0.03671354166666667 0.139537037037037
4 0.5556666666666668 0.22330555555555556 0.03732291666666659 0.17165740740740743
3 0.734859375 0.9251851851851852 0.07720833333333346 0.14962962962962956
3 0.5581302083333333 0.8802314814814814 0.053312500000000006 0.10335185185185196
4 0.740234375 0.27104629629629634 0.03927604166666659 0.10585185185185182
3 0.796875 0.9331574074074074 0.020218750000000084 0.030296296296296217
3 0.7612291666666666 0.1890185185185185 0.007578125000000094 0.04250925925925923
3 0.626953125 0.14941666666666667 0.008286458333333257 0.03947222222222222
3 0.501953125 0.9722222222222222 0.023729166666666638 0.01800925925925909
3 0.5180677083333334 0.9895833333333334 0.005536458333333391 0.020537037037036885
4 0.6811510416666666 0.24023148148148146 0.01744270833333322 0.016407407407407433
3 0.8623072916666668 0.17621296296296296 0.031557291666666744 0.022009259259259242
3 0.76953125 0.2263425925925926 0.004770833333333257 0.19704629629629633
3 0.8295885416666666 0.22743518518518518 0.005098958333333315 0.19639814814814816
3 0.5166041666666666 0.948787037037037 0.004927083333333352 0.043074074074074056
3 0.7705104166666668 0.4492222222222222 0.004328124999999972 0.22243518518518515
3 0.5654322916666668 0.1706851851851852 0.013901041666666695 0.008787037037037046
3 0.8662135416666668 0.4333796296296296 0.021333333333333353 0.01794444444444444
3 0.865234375 0.4086388888888889 0.028760416666666563 0.01433333333333335
3 0.6650416666666668 0.4835092592592593 0.005911458333333286 0.04793518518518517
3 0.84765625 0.27235185185185184 0.005578125000000019 0.014231481481481486
3 0.55078125 0.16330555555555556 0.015364583333333333 0.019083333333333345
3 0.8251979166666668 0.9088518518518518 0.0056406249999999625 0.1701388888888889
3 0.8657239583333334 0.5321203703703704 0.017380208333333275 0.00903703703703703
3 0.6479479166666666 0.4583333333333333 0.004520833333333248 0.20898148148148152
3 0.7080104166666668 0.9131666666666667 0.0056666666666667235 0.1736666666666666
3 0.859515625 0.9181203703703703 0.05685416666666659 0.09923148148148145
3 0.7680677083333334 0.9105925925925926 0.005536458333333391 0.1737222222222221
4 0.7416979166666666 0.3135833333333333 0.029203125000000087 0.009796296296296334
3 0.7973645833333334 0.9843796296296298 0.027177083333333248 0.02252777777777771
3 0.814453125 0.9270833333333334 0.0051614583333332575 0.038055555555555474
3 0.681640625 0.473962962962963 0.023770833333333265 0.022527777777777765
3 0.8447291666666668 0.18446296296296297 0.007374999999999924 0.013787037037037025
3 0.681640625 0.9869814814814816 0.030380208333333294 0.012370370370370488
3 0.87890625 0.5347222222222222 0.006239583333333343 0.01271296296296298
3 0.8247083333333334 0.4470462962962963 0.006005208333333438 0.00903703703703703
3 0.5024427083333334 0.17687037037037037 0.011374999999999958 0.014787037037037062
3 0.5986354166666668 0.14203703703703704 0.006072916666666591 0.022972222222222224
3 0.6479479166666666 0.9045185185185185 0.0051614583333332575 0.16395370370370366
3 0.5537135416666668 0.30338888888888893 0.008187499999999896 0.00964814814814811
3 0.6953125 0.16829629629629628 0.004453125000000095 0.014444444444444466
3 0.5883802083333334 0.23437962962962963 0.005140624999999943 0.21636111111111106
3 0.7963854166666666 0.9053796296296296 0.029312500000000106 0.020388888888888873
3 0.4887708333333334 0.9375 0.006312499999999943 0.05270370370370377
3 0.865234375 0.4865462962962963 0.023192708333333437 0.015546296296296263
3 0.61328125 0.17404629629629628 0.02747916666666678 0.020537037037037045
3 0.619140625 0.3164074074074074 0.014333333333333325 0.008388888888888838
3 0.5654322916666668 0.1542962962962963 0.0167239583333334 0.028268518518518495
3 0.8139635416666666 0.9835092592592594 0.005182291666666572 0.027314814814814816
3 0.6323229166666666 0.17903703703703705 0.006588541666666714 0.009870370370370394
3 0.49984375000000003 0.45640740740740743 0.0627291666666667 0.14181481481481478
3 0.6982447916666668 0.9140648148148148 0.0060520833333332765 0.058703703703703786
3 0.8037135416666668 0.28255555555555556 0.010526041666666685 0.009759259259259226
3 0.8813489583333334 0.18381481481481482 0.006364583333333229 0.008722222222222237
3 0.7641614583333334 0.9366296296296296 0.004770833333333257 0.009351851851851768
3 0.6772447916666666 0.15841666666666668 0.028869791666666582 0.023148148148148147
3 0.4672864583333334 0.21191666666666667 0.004848958333333305 0.16623148148148145
3 0.5874010416666666 0.912324074074074 0.0048697916666666195 0.1716574074074073
3 0.4860833333333333 0.9097222222222222 0.005598958333333333 0.007851851851851869
3 0.4985364583333334 0.28146296296296297 0.01373958333333339 0.008222222222222218
3 0.6870104166666666 0.45963888888888893 0.0074062499999998956 0.008787037037037046
3 0.8452135416666666 0.41340740740740745 0.008218750000000104 0.011537037037037071
3 0.7006822916666666 0.3958333333333333 0.005687500000000038 0.008555555555555565
3 0.517578125 0.9097222222222222 0.004468749999999962 0.00892592592592602
3 0.5874010416666666 0.4474814814814815 0.004197916666666638 0.2235277777777778
3 0.8842760416666666 0.41514814814814816 0.006338541666666705 0.012175925925925904
3 0.6655260416666666 0.9010462962962963 0.004848958333333305 0.03040740740740733
3 0.6875 0.9505185185185184 0.013020833333333334 0.017731481481481567
3 0.5131822916666666 0.18055555555555555 0.0056666666666667235 0.010425925925925918
3 0.6987291666666666 0.8849814814814815 0.0067968750000000945 0.010629629629629647
3 0.5278333333333334 0.4518240740740741 0.004541666666666681 0.22200925925925924
3 0.5693385416666668 0.2910185185185185 0.00436458333333339 0.01513888888888891
3 0.5276041666666667 0.913425925925926 0.005208333333333333 0.17314814814814813
3 0.5703125 0.24174999999999996 0.006390624999999991 0.0128611111111111
3 0.30371354166666664 0.9036481481481482 0.29223437499999994 0.1780555555555556
3 0.6635729166666666 0.8845462962962962 0.008156249999999924 0.010222222222222188
3 0.40722916666666664 0.35090740740740745 0.0056666666666667235 0.44618518518518524
3 0.46753125 0.9097222222222222 0.004906250000000038 0.1682962962962964
3 0.34765625 0.2376296296296296 0.004572916666666652 0.21083333333333334
3 0.406984375 0.9138148148148146 0.005062500000000014 0.1723611111111111
3 0.7993177083333334 0.45573148148148146 0.05654687500000009 0.22764814814814816
3 0.2731927083333333 0.34591666666666665 0.3256822916666666 0.44032407407407415
3 0.16516145833333334 0.2397962962962963 0.004770833333333317 0.22743518518518518
3 0.16613541666666667 0.9088518518518518 0.005098958333333315 0.17220370370370372
3 0.3479010416666667 0.912324074074074 0.005161458333333376 0.1713333333333333
3 0.6157239583333334 0.9105925925925926 0.0457760416666666 0.1737222222222221
3 0.22607291666666668 0.9105925925925926 0.004791666666666691 0.17046296296296287
3 0.2868645833333333 0.9114629629629628 0.00475520833333339 0.1722037037037036
3 0.2866197916666666 0.23827777777777776 0.004505208333333381 0.21299999999999997
3 0.2263177083333333 0.2389351851851852 0.004609375000000012 0.21777777777777774
3 0.4370104166666666 0.4652777777777778 0.05014062499999999 0.24132407407407414
3 0.6987291666666666 0.3576388888888889 0.003807291666666638 0.012175925925925904
3 0.8798854166666668 0.2840740740740741 0.004593750000000086 0.00942592592592588
3 0.16540625 0.4448796296296297 0.0044843750000000075 0.2319907407407407
3 0.22644270833333333 0.4518240740740741 0.004385416666666645 0.21636111111111112
3 0.5590833333333334 0.2341574074074074 0.006536458333333428 0.01131481481481484
3 0.13683854166666667 0.34396296296296297 0.06143229166666667 0.007611111111111136
3 0.7998072916666668 0.96875 0.005619791666666648 0.008222222222222323
3 0.2866197916666666 0.4531296296296296 0.00436458333333339 0.22049074074074068
3 0.34765625 0.45051851851851854 0.004328124999999972 0.22808333333333336
3 0.3166510416666667 0.23068518518518516 0.06143229166666669 0.21592592592592594
3 0.2541510416666667 0.23047222222222222 0.05560416666666666 0.21896296296296291
3 0.19677604166666668 0.22743518518518518 0.06732291666666666 0.22461111111111115
3 0.3786614583333333 0.227 0.060427083333333326 0.2215740740740741
3 0.198484375 0.4513888888888889 0.06210416666666667 0.2174444444444444
3 0.31909375 0.4592037037037037 0.05920312500000004 0.22656481481481475
3 0.2583020833333334 0.45616666666666666 0.05718750000000001 0.22005555555555553
3 0.4968281249999999 0.9999722222222223 0.9296875 0.00005555555555550503