4 0.2861328125 0.11837500000000001 0.04217187500000001 0.16916666666666663
4 0.177125 0.10840277777777775 0.04183593750000001 0.16276388888888887
4 0.40258593749999994 0.6041666666666666 0.045960937499999986 0.1771944444444445
4 0.391359375 0.134875 0.03970312500000004 0.15180555555555553
4 0.3413125 0.11925 0.04016406249999997 0.15874999999999997
4 0.23059375000000001 0.10681944444444444 0.042085937500000004 0.15875
4 0.128171875 0.11708333333333333 0.040101562499999986 0.15429166666666666
4 0.69140625 0.6228333333333333 0.04525781250000005 0.1691666666666666
4 0.0841640625 0.5095555555555555 0.09106249999999999 0.18348611111111113
4 0.07146875 0.13270833333333332 0.044523437500000006 0.1716527777777778
4 0.1766328125 0.6150138888888889 0.047609374999999995 0.16481944444444438
4 0.6020546875 0.12141666666666664 0.04092187500000009 0.17838888888888887
4 0.3501015625 0.6132777777777778 0.04428124999999996 0.17165277777777782
4 0.8037109375 0.6180555555555556 0.04690624999999997 0.17372222222222228
4 0.286375 0.6141527777777778 0.04525781249999996 0.16948611111111106
4 0.8583984375 0.6141527777777778 0.04803125000000001 0.17045833333333335
4 0.9165078125000001 0.6193611111111111 0.050718750000000055 0.171875
4 0.767578125 0.12358333333333332 0.04248437500000009 0.1653611111111111
4 0.57421875 0.5954861111111112 0.04788281249999997 0.20833333333333334
4 0.7490234375 0.6224027777777777 0.046476562500000006 0.1780555555555556
4 0.662109375 0.11773611111111111 0.03927343749999999 0.17045833333333332
4 0.712890625 0.12413888888888888 0.03985937499999999 0.15841666666666668
4 0.6357421875 0.6150138888888889 0.04553124999999998 0.17588888888888887
4 0.9301796875000001 0.11599999999999999 0.03918749999999989 0.15375000000000003
4 0.9711953125000001 0.6202222222222222 0.04977343750000003 0.14941666666666673
1 0.7900390625 0.2699722222222222 0.09685937500000001 0.16156944444444443
2 0.3454609375 0.4418472222222222 0.09893749999999998 0.07795833333333332
4 0.8803750000000001 0.12206944444444447 0.04287500000000009 0.1627638888888889
4 0.020999999999999998 0.16102777777777777 0.0419921875 0.13390277777777776
4 0.359375 0.9600694444444444 0.09655468749999999 0.07437499999999994
4 0.4736328125 0.9513888888888888 0.04831249999999994 0.07329166666666664
4 0.983984375 0.13402777777777777 0.03203125 0.16805555555555557
4 0.1821328125 0.9496527777777778 0.052828125000000004 0.07900000000000015
4 0.5126953125 0.6158888888888889 0.04168749999999992 0.16829166666666662
2 0.49926562499999994 0.48004166666666664 0.07532031250000007 0.07248611111111118
4 0.542484375 0.12272222222222222 0.04031249999999993 0.16481944444444444
4 0.8706093750000001 0.9704861111111112 0.11126562500000006 0.058805555555555444
4 0.23913281249999999 0.5902777777777778 0.04967968750000003 0.22352777777777785
4 0.651859375 0.9565972222222222 0.10015625000000003 0.08045833333333342
3 0.8201875 0.13269444444444442 0.051828125000000023 0.15702777777777777