4 0.037690909090909094 0.1461065573770492 0.07421818181818182 0.16262295081967212
4 0.6992181818181818 0.1619808743169399 0.06451818181818185 0.13831967213114754
4 0.44287272727272725 0.3215710382513661 0.06951818181818178 0.17546448087431699
4 0.35253636363636365 0.3190027322404371 0.06756363636363641 0.17362021857923501
4 0.775390909090909 0.16922131147540984 0.07519090909090913 0.1290437158469945
4 0.2091090909090909 0.8276775956284154 0.10723636363636362 0.27680327868852467
4 0.07989090909090908 0.8489617486338799 0.1157818181818182 0.24800546448087427
4 0.11535454545454547 0.15427595628415303 0.07574545454545455 0.15840163934426227
4 0.36206363636363637 0.14353825136612022 0.061645454545454496 0.1716120218579235
4 0.8208 0.3351366120218579 0.09137272727272726 0.15978142076502733
4 0.07385454545454545 0.3268852459016393 0.08312727272727273 0.15674863387978138
4 0.17907272727272727 0.31312841530054647 0.0808090909090909 0.15785519125683062
4 0.9062545454545455 0.3311065573770492 0.07318181818181828 0.146379781420765
4 0.9477545454545454 0.17096994535519128 0.08361818181818184 0.15400273224043717
4 0.3427727272727273 0.8577595628415301 0.08600000000000002 0.26672131147540984
4 0.8549818181818182 0.17517759562841528 0.080809090909091 0.1295081967213115
4 0.6816363636363636 0.8452868852459017 0.0991181818181818 0.25370218579234977
4 0.7983363636363636 0.8452868852459017 0.10821818181818178 0.24928961748633882
4 0.20275454545454547 0.1397814207650273 0.08343636363636367 0.1782103825136612
4 0.5717818181818182 0.8438251366120217 0.08386363636363636 0.27993169398907114
4 0.9218727272727272 0.829139344262295 0.14538181818181825 0.2612158469945356
3 0.28555454545454545 0.17084699453551913 0.06201818181818184 0.15348360655737706
3 0.2640818181818182 0.34734972677595627 0.06453636363636364 0.19228142076502733
3 0.45097272727272725 0.1730327868852459 0.07468181818181815 0.1339344262295082
3 0.5292090909090909 0.17341530054644808 0.06977272727272728 0.14836065573770493
3 0.6061727272727272 0.1772950819672131 0.07143636363636358 0.125396174863388
3 0.5485272727272728 0.34905737704918033 0.10387272727272727 0.18886612021857924
3 0.6262545454545454 0.3568442622950819 0.07977272727272727 0.19759562841530054
3 0.7127545454545454 0.34754098360655744 0.08459090909090905 0.15849726775956285
3 0.9640909090909091 0.33811475409836067 0.07181818181818182 0.16256830601092895
3 0.4521818181818182 0.8493306010928963 0.1066272727272727 0.28775956284152987