4 0.47533854166666667 0.7666015625 0.2902864583333333 0.1331770833333333
4 0.8191406250000001 0.256640625 0.2213151041666667 0.17437500000000003
4 0.49829427083333333 0.27807291666666667 0.3102994791666667 0.12213541666666665
4 0.45703125 0.91796875 0.28955729166666666 0.1352604166666668
4 0.8193359375 0.4296875 0.2946744791666666 0.1177994791666667
4 0.46484375 0.6010807291666667 0.2834505208333334 0.11028645833333339
4 0.7915104166666667 0.9252994791666667 0.2810026041666666 0.1291536458333334
4 0.8095703125 0.7661197916666667 0.2995572916666666 0.1231640624999999
4 0.8061588541666667 0.59765625 0.2919921875 0.12102864583333339
4 0.84375 0.07696614583333333 0.3005338541666666 0.1251171875
4 0.49877604166666667 0.08911458333333333 0.30127604166666666 0.1248828125
3 0.4676822916666667 0.4638671875 0.26807291666666666 0.10430989583333335
1 0.16063802083333334 0.6152213541666667 0.12020833333333332 0.1638932291666666