4 0.33862364363221015 0.8205006954102921 0.04620217018846379 0.27513212795549363
4 0.8974585950885209 0.8282197496522948 0.054197601370645394 0.2727538247566065
4 0.7094745859508852 0.8169262865090403 0.050416904625928155 0.27662030598052856
4 0.09124500285551114 0.8466620305980529 0.05194174757281553 0.2723087621696801
4 0.46093660765276984 0.8074130737134909 0.04376356367789828 0.27468706536856746
4 0.16064534551684753 0.8389290681502087 0.05090234151913192 0.28137691237830315
4 0.6440434037692747 0.8181223922114047 0.04601941747572812 0.27706536856745484
4 0.7705082809822958 0.8074130737134909 0.0520331239291834 0.27513212795549363
4 0.5214848657909766 0.8050347705146037 0.04690462592804105 0.27662030598052856
4 0.9541005139920047 0.14023643949930462 0.052701313535122904 0.2648817802503477
4 0.39917190177041695 0.809193324061196 0.04553398058252428 0.27513212795549363
4 0.4611821816105083 0.19635605006954104 0.04553398058252428 0.2575938803894298
4 0.2215591090805254 0.8234631432545202 0.050993717875499694 0.27319888734353276
4 0.27758994860079955 0.8121696801112657 0.04858366647629929 0.2781084840055633
4 0.0993032552826956 0.2017107093184979 0.05059965733866363 0.25937413073713494
4 0.15966876070816674 0.18668984700973573 0.0511764705882353 0.25892906815020866
4 0.889160479725871 0.13794158553546593 0.050902341519131984 0.26621696801112654
4 0.34130782410051397 0.19248956884561894 0.042175899486007945 0.2522392211404729
4 0.6372073101085094 0.1507232267037552 0.047698458023986284 0.2648817802503477
4 0.22338663620788118 0.17851182197496523 0.04958880639634497 0.2571488178025035
4 0.829103369503141 0.13927677329624477 0.04968018275271261 0.2685952712100139
4 0.4021016561964592 0.18104311543810847 0.04629354654483149 0.26070931849791373
4 0.5795888063963449 0.1449930458970793 0.04312392918332381 0.26354659248956885
4 0.7612278697886922 0.13972183588317105 0.0510850942318674 0.2718636995827538
4 0.5849628783552255 0.7984979137691238 0.04400913763563675 0.27186369958275386
4 0.7021473443746431 0.150125173852573 0.049406053683609494 0.2657719054242003
4 0.27880639634494575 0.1918915159944367 0.04476870359794403 0.25937413073713494
4 0.5229468874928612 0.176884561891516 0.04360936607652764 0.2611682892906815
3 0.8296630496858938 0.8098052851182197 0.06839520274129082 0.2601390820584144
3 0.9582638492290121 0.808817802503477 0.0694231867504283 0.26212795549374135
3 0.038498001142204454 0.8228372739916551 0.06067961165048544 0.262364394993046
3 0.046339234723015425 0.18413073713490957 0.05514563106796117 0.26052851182197495