4 0.2956615384615385 0.6416016427104723 0.10541538461538459 0.20804928131416847
4 0.6933538461538462 0.4926899383983573 0.08789230769230769 0.20121149897330598
4 0.4580153846153846 0.5852361396303901 0.09667692307692313 0.21848049281314164
4 0.7919846153846153 0.9104312114989733 0.10576923076923077 0.17090349075975364
4 0.20690769230769232 0.654640657084189 0.08850769230769229 0.172053388090349
4 0.7143538461538461 0.9325872689938398 0.09447692307692303 0.13067761806981518
4 0.3281230769230769 0.42034907597535937 0.09039999999999998 0.1771047227926078
4 0.25512307692307695 0.45293634496919927 0.10156923076923075 0.18817248459958935
4 0.8705999999999999 0.8895893223819302 0.09790769230769246 0.19209445585215595
4 0.39867692307692304 0.3851540041067762 0.09332307692307687 0.193388090349076
4 0.7807692307692308 0.493347022587269 0.10033846153846158 0.19599589322381933
4 0.1643076923076923 0.4633675564681724 0.11358461538461541 0.1950308008213552
4 0.7929692307692306 0.23069815195071866 0.09447692307692311 0.1898151950718686
4 0.955076923076923 0.8550513347022588 0.08569230769230776 0.1901437371663245
4 0.5268615384615384 0.534394250513347 0.08466153846153841 0.20560574948665297
1 0.13915384615384618 0.9143531827515401 0.17029230769230772 0.13515400410677628
4 0.1339076923076923 0.7025462012320328 0.09996923076923075 0.20252566735112934
4 0.8769538461538461 0.20529774127310063 0.08801538461538468 0.17562628336755648
4 0.9277384615384615 0.38809034907597534 0.09399999999999986 0.16154004106776185
4 0.7114307692307692 0.24390143737166325 0.09515384615384619 0.18770020533880905
4 0.0469076923076923 0.739034907597536 0.08587692307692307 0.1730390143737166
4 0.4748461538461538 0.3362833675564682 0.0922307692307693 0.19827515400410678
4 0.07598461538461539 0.08609856262833677 0.09301538461538462 0.16862422997946613
4 0.5439384615384616 0.3028747433264887 0.08240000000000008 0.1920944558521561
1 0.5039076923076924 0.845277207392197 0.13892307692307684 0.11689938398357279
4 0.9502 0.15266940451745378 0.08020000000000017 0.15852156057494865
4 0.15416923076923075 0.06782340862422997 0.09515384615384614 0.13254620123203287
4 0.09667692307692308 0.5197330595482547 0.0938769230769231 0.16895277207392193
4 0.5405230769230769 0.9567145790554415 0.08081538461538457 0.08422997946611906
4 0.6235384615384616 0.2691581108829569 0.0927076923076923 0.1836139630390144
4 0.23218461538461538 0.05098562628336755 0.07555384615384618 0.10195071868583164
4 0.03155384615384615 0.5542710472279261 0.062230769230769235 0.16813141683778232
4 0.6328153846153846 0.9560574948665298 0.08569230769230776 0.08537987679671466
4 0.7036153846153846 0.040102669404517455 0.13781538461538467 0.08004106776180696
4 0.3159230769230769 0.032484599589322385 0.07409230769230774 0.063305954825462
4 0.025615384615384613 0.10084188911704312 0.049676923076923084 0.19143737166324434
3 0.7889698276923076 0.3630772566735113 0.8356507692307692 0.5422361396303902 0.9082523076923077 0.5071190965092403 0.8566938461538461 0.33013552361396303 0.7889698276923076 0.3630772566735113
3 0.31481384615384617 0.5380225872689939 0.36952769230769233 0.7304579055441478 0.4400246153846154 0.7150061601642711 0.3884676923076923 0.5141437371663244 0.3179707692307692 0.5436406570841888 0.31481384615384617 0.5380225872689939
3 0.9955846153846154 0.48183572895277205 0.9984615384615385 0.2753531827515401 0.9408276923076924 0.28922997946611906 0.9955846153846154 0.48183572895277205