4 0.655275 0.6747619047619048 0.05941666666666663 0.26553968253968246
4 0.42334166666666667 0.6863809523809524 0.061433333333333354 0.25414285714285717
4 0.19238333333333335 0.6761587301587302 0.0646333333333333 0.25576190476190475
4 0.4975583333333334 0.6840634920634919 0.05941666666666663 0.26739682539682536
3 0.27120833333333333 0.36528571428571427 0.05889999999999996 0.25320634920634916
4 0.8085916666666666 0.678936507936508 0.06042499999999999 0.24530158730158724
4 0.2688 0.6622063492063492 0.06719999999999998 0.25460317460317455
3 0.649575 0.359015873015873 0.05941666666666663 0.2669206349206349
4 0.03455 0.6617301587301587 0.067075 0.25971428571428573
4 0.4211416666666667 0.36273015873015874 0.059325000000000044 0.24646031746031752
4 0.49805 0.34690476190476194 0.056124999999999925 0.25250793650793657
4 0.8867166666666666 0.3617936507936508 0.06683333333333327 0.2606507936507937
4 0.8867166666666666 0.6659206349206349 0.061766666666666574 0.2399523809523809
4 0.9641666666666666 0.3523809523809524 0.07166666666666667 0.2857142857142857
4 0.11029166666666666 0.6566190476190477 0.06609999999999999 0.23019047619047617
4 0.9594749999999999 0.6626666666666667 0.06732499999999997 0.22984126984126976
4 0.03418333333333334 0.38271428571428573 0.06359999999999999 0.21449206349206348
4 0.73535 0.6756825396825397 0.05975000000000004 0.249952380952381
3 0.8055833333333333 0.3716031746031746 0.061766666666666574 0.2399523809523809
4 0.33694166666666664 0.36382539682539683 0.06176666666666667 0.23995238095238097
3 0.7296333333333332 0.3723015873015873 0.061766666666666574 0.2399523809523809
3 0.19135 0.3673333333333333 0.06176666666666667 0.23995238095238097
3 0.09391666666666666 0.3976825396825397 0.06176666666666666 0.23995238095238097
3 0.5781083333333333 0.6665555555555556 0.061766666666666574 0.2399523809523809
3 0.3428583333333333 0.6616031746031746 0.06176666666666667 0.2399523809523809