4 0.7470657276995305 0.7626875 0.07543427230046947 0.2751666666666667
4 0.2653755868544601 0.7847916666666667 0.0773943661971831 0.29489583333333347
4 0.3588849765258216 0.7778541666666666 0.07708920187793435 0.28493749999999995
4 0.8481455399061033 0.763125 0.07342723004694829 0.25718750000000007
3 0.44318075117370886 0.7735 0.07342723004694843 0.25502083333333325
4 0.18188967136150236 0.7847916666666667 0.0699413145539906 0.2704166666666668
4 0.6415962441314553 0.7618333333333334 0.07892018779342724 0.2972708333333332
4 0.5507863849765258 0.7691874999999999 0.08557511737089198 0.303125
4 0.9701408450704224 0.7575000000000001 0.05971830985915506 0.24462499999999993
4 0.09667840375586854 0.7531666666666667 0.0732981220657277 0.27756250000000005
4 0.8085915492957746 0.11818750000000001 0.08080985915492947 0.23054166666666667
4 0.7226525821596245 0.10785416666666665 0.07451877934272301 0.21191666666666667
4 0.8950234741784037 0.11668749999999999 0.07275821596244132 0.22383333333333333
4 0.9665962441314554 0.11375000000000002 0.06680751173708929 0.22089583333333335
4 0.03502347417840375 0.7782916666666666 0.07003521126760563 0.2977083333333333
4 0.5449178403755869 0.09929166666666665 0.07318075117370895 0.19370833333333337
4 0.6342723004694836 0.10183333333333336 0.06927230046948354 0.19641666666666666
4 0.08880281690140844 0.11624999999999999 0.07836854460093895 0.22383333333333333
4 0.18066901408450706 0.12102083333333334 0.07879107981220657 0.23595833333333333
4 0.2597652582159624 0.10741666666666667 0.07092723004694837 0.20800000000000002
1 0.639518779342723 0.381875 0.14123239436619717 0.19272916666666665
4 0.4523943661971831 0.1 0.06707746478873237 0.19641666666666666
4 0.025950704225352113 0.12393750000000002 0.05014084507042253 0.23683333333333334
4 0.8935563380281689 0.966375 0.06805164319248828 0.05839583333333328
4 0.7192370892018779 0.9715625 0.06634976525821593 0.055270833333333276
4 0.9721713615023474 0.9646458333333333 0.05233568075117361 0.06689583333333336
3 0.5410211267605634 0.9811041666666667 0.06683098591549289 0.035208333333333286
3 0.1851760563380282 0.9811041666666667 0.06188967136150237 0.03535416666666672
4 0.8095657276995305 0.9776458333333333 0.06671361502347409 0.043437500000000046
4 0.34906103286384976 0.10918749999999999 0.0709272300469483 0.20800000000000002