4 0.3127416666666667 0.838625 0.05350000000000004 0.14557500000000004
4 0.4543416666666667 0.8430124999999999 0.056241666666666676 0.15398750000000005
4 0.17090000000000002 0.8591249999999999 0.05212500000000001 0.16452499999999987
4 0.08007500000000001 0.851075 0.04760833333333333 0.1542625000000001
4 0.5825166666666667 0.8422875000000001 0.05919999999999997 0.14786249999999995
4 0.5224583333333334 0.8378874999999999 0.05490000000000009 0.15866250000000007
4 0.8388666666666666 0.8356874999999999 0.06780833333333343 0.145025
4 0.68555 0.29425 0.049408333333333304 0.12698749999999998
4 0.31299166666666667 0.5398 0.04654166666666668 0.1534375
4 0.834475 0.5672625 0.05856666666666664 0.14767499999999997
4 0.7006833333333333 0.84155 0.06084999999999999 0.1496875
4 0.3012666666666666 0.286375 0.0469083333333333 0.12927500000000003
4 0.607425 0.5581 0.04895000000000001 0.13467500000000002
4 0.9701166666666667 0.8166500000000001 0.0597666666666665 0.1476750000000001
4 0.7753916666666667 0.55005 0.06359999999999995 0.13833749999999995
4 0.6601583333333334 0.55115 0.050716666666666584 0.12469999999999999
4 0.7626916666666667 0.848875 0.05270000000000001 0.13393750000000013
4 0.18871666666666667 0.5430875000000001 0.04327500000000001 0.13183750000000002
4 0.8940416666666666 0.54675 0.0566416666666665 0.14081249999999998
4 0.5454083333333334 0.544925 0.0455916666666667 0.1315625
4 0.3601083333333333 0.2922375 0.04610833333333337 0.13348750000000004
4 0.8408166666666667 0.2938875 0.052608333333333424 0.12341250000000002
4 0.12975833333333334 0.5387 0.04995833333333333 0.141725
4 0.6284166666666667 0.2946125 0.05050833333333325 0.130375
4 0.3855 0.8334999999999999 0.05014166666666663 0.14456250000000012
4 0.021425 0.8422875000000001 0.04285 0.15398750000000005
4 0.190675 0.27722499999999994 0.04525833333333334 0.13092499999999999
4 0.7192416666666667 0.186125 0.04672499999999995 0.11077500000000001
4 0.40575833333333333 0.17248750000000002 0.04559166666666665 0.12762500000000002
4 0.13171666666666668 0.2860125 0.04647499999999998 0.13348749999999998
4 0.7871083333333333 0.2876625 0.05310000000000002 0.13137500000000002
4 0.13085833333333333 0.1570125 0.04257499999999998 0.11114999999999998
4 0.7231416666666667 0.5683625 0.05359166666666662 0.13275000000000006
4 0.9399416666666667 0.3233625 0.05099166666666671 0.11398749999999996
4 0.51025 0.1957375 0.050416666666666665 0.12698749999999998
4 0.9497083333333334 0.5603 0.053708333333333184 0.11379999999999996
4 0.9169916666666668 0.2017875 0.04336666666666664 0.10958750000000002
4 0.9818916666666666 0.3222625 0.03620833333333318 0.11032499999999999
3 0.06890833333333334 0.1727625 0.04553333333333333 0.0846875
3 0.222225 0.8607625 0.06323333333333334 0.14816249999999997
3 0.48791666666666667 0.5622625 0.055408333333333344 0.14306250000000006
3 0.2599083333333333 0.8627125 0.061516666666666615 0.15721249999999998
3 0.4675333333333333 0.3190875 0.055408333333333344 0.14306249999999998
3 0.36843333333333333 0.5664125 0.055408333333333344 0.14306250000000006
3 0.43419166666666664 0.5511125 0.055408333333333344 0.14306250000000006
3 0.07113333333333333 0.5552750000000001 0.055408333333333316 0.14306250000000006
3 0.251725 0.5691499999999999 0.055408333333333344 0.14306249999999998
3 0.5805083333333333 0.33571249999999997 0.055408333333333344 0.1430625
3 0.5323416666666666 0.32875 0.055408333333333344 0.1430625
3 0.23875 0.18283750000000001 0.055408333333333344 0.14306249999999998
3 0.07389166666666667 0.296775 0.055408333333333316 0.14306249999999998
3 0.4619416666666667 0.188375 0.055408333333333344 0.14306249999999998
3 0.5656666666666667 0.1953125 0.055408333333333344 0.14306249999999998
3 0.6175333333333333 0.1869625 0.055408333333333344 0.14306249999999998
3 0.41839999999999994 0.303675 0.055408333333333296 0.1430625
3 0.7670916666666666 0.1925 0.04336666666666664 0.14306249999999998
3 0.6740083333333333 0.1586875 0.055408333333333344 0.1430625
3 0.8685 0.20037500000000003 0.03688333333333342 0.14306249999999998
3 0.8124666666666667 0.17675000000000002 0.03966666666666659 0.14306249999999998
3 0.35361666666666663 0.1481625 0.055408333333333344 0.14306249999999998
3 0.29896666666666666 0.14955 0.055408333333333344 0.1430625
3 0.7286916666666666 0.3176625 0.055408333333333344 0.1430625
3 0.8916916666666667 0.34545000000000003 0.05540833333333315 0.1430625
3 0.9720833333333333 0.19625 0.05583333333333333 0.1425
3 0.18225833333333333 0.1383875 0.055408333333333344 0.1430625