4 0.6450222222222222 0.7936599999999999 0.06063333333333326 0.23377999999999996
4 0.7177777777777777 0.78486 0.06222222222222222 0.23094000000000006
4 0.2069111111111111 0.23906 0.055722222222222194 0.22248
4 0.8554666666666666 0.7888200000000001 0.06585555555555554 0.22698000000000002
4 0.5561555555555556 0.25751999999999997 0.05865555555555558 0.2660799999999999
3 0.42492222222222226 0.26238 0.0718333333333333 0.2205
3 0.5019555555555556 0.78026 0.059877777777777766 0.23248000000000002
4 0.1366 0.24302 0.06536666666666664 0.25092000000000003
4 0.7006888888888889 0.2395 0.060211111111111174 0.22829999999999998
3 0.5762999999999999 0.77922 0.07067777777777773 0.24807999999999994
3 0.7645333333333334 0.25344 0.06232222222222213 0.21489999999999998
4 0.4406777777777778 0.7808999999999999 0.05081111111111113 0.20940000000000009
4 0.8442333333333333 0.20588 0.056455555555555495 0.1848
4 0.0621 0.24982 0.06622222222222221 0.22401999999999997
3 0.7782222222222221 0.8017799999999999 0.05468888888888892 0.21720000000000003
3 0.4997555555555555 0.24324 0.05511111111111114 0.2105
4 0.9340777777777778 0.78398 0.07006666666666661 0.20842000000000008
4 0.05898888888888889 0.7936599999999999 0.06396666666666666 0.1831400000000001
4 0.7006888888888889 0.05618 0.05612222222222221 0.11236
4 0.5527333333333333 0.055600000000000004 0.053311111111111066 0.11120000000000001
4 0.6264666666666667 0.24852000000000002 0.059422222222222244 0.22433999999999998
4 0.7655555555555555 0.05 0.05333333333333334 0.1
4 0.3579111111111111 0.06570000000000001 0.051266666666666655 0.12426000000000002
4 0.42310000000000003 0.05756 0.051266666666666655 0.1114
4 0.6313444444444445 0.05702 0.0514555555555555 0.11095999999999999
4 0.2885777777777778 0.057460000000000004 0.053988888888888927 0.11448
4 0.2836888888888889 0.7607 0.057922222222222215 0.19918000000000005
4 0.9262666666666667 0.051480000000000005 0.06646666666666659 0.10234
4 0.13647777777777775 0.04258 0.06499999999999999 0.0846
4 0.05282222222222223 0.05468 0.06830000000000001 0.10579999999999999
4 0.48486666666666667 0.052340000000000005 0.04858888888888891 0.10294
4 0.21833333333333332 0.043 0.05 0.086
4 0.8037111111111112 0.96328 0.06536666666666659 0.06629999999999996
4 0.9428666666666667 0.96504 0.06793333333333344 0.069
4 0.5044 0.96592 0.050144444444444436 0.06620000000000005
4 0.8339888888888889 0.04994 0.059422222222222244 0.09668
3 0.8533333333333334 0.96 0.057777777777777775 0.08
1 0.6938444444444445 0.49877999999999995 0.15307777777777776 0.12227999999999997
4 0.07794444444444446 0.97208 0.052122222222222216 0.0533599999999999
4 0.1539333333333333 0.9712000000000001 0.06451111111111112 0.051579999999999925
4 0.6533222222222222 0.9747 0.05771111111111117 0.04920000000000004
4 0.5751999999999999 0.9694400000000001 0.05089999999999994 0.05625999999999999
4 0.4357888888888889 0.97208 0.0475111111111111 0.05490000000000009
4 0.37012222222222224 0.9712000000000001 0.050722222222222196 0.05711999999999989
4 0.7251000000000001 0.98526 0.04913333333333336 0.02416000000000008
4 0.34707777777777776 0.27306 0.057922222222222215 0.19917999999999997
4 0.21864444444444445 0.8081 0.057922222222222215 0.19918000000000005
4 0.1363111111111111 0.75028 0.057922222222222215 0.19918000000000005
4 0.36846666666666666 0.79074 0.057922222222222215 0.19918000000000005
4 0.22274444444444444 0.9633999999999999 0.057922222222222215 0.07320000000000004
4 0.2795444444444445 0.27346 0.05792222222222225 0.19917999999999997
4 0.9101444444444444 0.24680000000000002 0.05792222222222234 0.19917999999999997