4 0.34326 0.804452296819788 0.07825 0.3254416961130741
4 0.44043 0.8048939929328621 0.07501 0.29632508833922255
4 0.1394 0.8148056537102474 0.09949000000000001 0.3284628975265017
4 0.34619 0.16143109540636044 0.07684000000000003 0.3161837455830389
4 0.44653 0.1646643109540636 0.07079999999999996 0.3142402826855124
4 0.24243 0.15830388692579506 0.08092999999999997 0.3062544169611307
4 0.64209 0.7992756183745583 0.06598000000000002 0.31984098939929323
4 0.14307 0.18266784452296816 0.09137 0.3142402826855124
4 0.039 0.803886925795053 0.078 0.3321554770318021
4 0.037380000000000004 0.15247349823321552 0.07367 0.2993462897526502
4 0.6411100000000001 0.16553003533568905 0.0656099999999999 0.3181095406360424
4 0.94287 0.8027385159010602 0.08093000000000006 0.2879151943462898
4 0.84814 0.8074734982332155 0.08050999999999998 0.305600706713781
4 0.9541000000000001 0.16487632508833922 0.08649000000000001 0.3248056537102474
4 0.74902 0.8057420494699646 0.07055999999999994 0.30560070671378087
4 0.55225 0.800583038869258 0.06696000000000003 0.2836042402826855
4 0.73926 0.16757950530035334 0.07697000000000002 0.3181095406360424
4 0.85205 0.18978798586572435 0.07781999999999993 0.2812367491166078
4 0.54053 0.1646643109540636 0.06622000000000003 0.3040989399293286
3 0.25086 0.8283038869257952 0.09808000000000001 0.2813780918727916