4 0.1833542976939203 0.8349685534591195 0.06683438155136268 0.20452830188679244
3 0.28389937106918234 0.8320125786163521 0.0669601677148847 0.21257861635220132
3 0.9261844863731656 0.5994654088050314 0.06610062893081756 0.20600628930817608
4 0.8364360587002097 0.12449685534591196 0.06951781970649888 0.2072641509433962
3 0.39698113207547175 0.14044025157232704 0.0704402515723271 0.20562893081761002
3 0.5107337526205451 0.8422955974842768 0.060209643605870077 0.19499999999999998
4 0.6127882599580713 0.8312893081761007 0.06371069182389934 0.20635220125786166
4 0.9462893081761006 0.8378930817610063 0.07935010482180298 0.20452830188679244
4 0.6127882599580713 0.1179245283018868 0.06396226415094337 0.20635220125786166
4 0.510251572327044 0.12654088050314466 0.06348008385744229 0.2122327044025157
3 0.39073375262054505 0.814874213836478 0.06597484276729565 0.20600628930817608
3 0.2883438155136268 0.1540251572327044 0.07964360587002098 0.2072641509433962
4 0.9482389937106919 0.12342767295597484 0.07964360587002098 0.20141509433962268
3 0.7206498951781971 0.12279874213836477 0.06371069182389934 0.2041509433962264
3 0.7261006289308176 0.874937106918239 0.0633542976939204 0.20635220125786166
4 0.8369182389937107 0.5679874213836478 0.06916142557651994 0.20946540880503148
4 0.7246121593291405 0.5694654088050315 0.08123689727463312 0.20946540880503148
4 0.2919916142557652 0.5827672955974843 0.06683438155136268 0.20452830188679252
4 0.17597484276729558 0.5764779874213837 0.06683438155136268 0.20452830188679252
4 0.3846750524109015 0.5922641509433962 0.06683438155136268 0.20452830188679252
4 0.5129350104821804 0.5800943396226415 0.06683438155136273 0.20452830188679252
4 0.6186163522012579 0.5694025157232704 0.06683438155136268 0.20452830188679252
4 0.17448637316561846 0.1408490566037736 0.06348008385744235 0.2122327044025157
4 0.8540880503144653 0.8601886792452831 0.06348008385744229 0.21223270440251576