2 0.38500843170320403 0.5413737373737374 0.15661607644744244 0.33473737373737367
4 0.14978077571669476 0.9134040404040404 0.19738617200674535 0.1595858585858586
4 0.12744238336143898 0.715979797979798 0.1955593029792018 0.14412121212121218
4 0.09759415401911187 0.511979797979798 0.19518830803822373 0.1548686868686868
4 0.6210961214165261 0.5062727272727272 0.19836424957841478 0.14105050505050504
4 0.12219224283305227 0.32486868686868686 0.2098369870713884 0.16133333333333336
4 0.8730466554243957 0.2834040404040404 0.21142776840921873 0.15267676767676766
4 0.6450196739741427 0.09059595959595959 0.21008431703204053 0.1543131313131313
4 0.8652332771219786 0.7151010101010101 0.21399100618324904 0.1543131313131313
4 0.12756604834176505 0.12635353535353536 0.1989769533445756 0.14992929292929294
4 0.6293929173693086 0.7186161616161616 0.20593029792017983 0.17230303030303024
4 0.8544912872400225 0.9177878787878788 0.2005621135469366 0.15595959595959605
4 0.900601461495222 0.09849494949494948 0.19879145587408661 0.14784848484848484
4 0.8623046655424396 0.5045252525252526 0.21179314221472723 0.1601313131313131
4 0.6118156267566048 0.9107676767676768 0.20154019111860594 0.16507070707070715
3 0.6314446318156267 0.31961616161616163 0.22485103991006175 0.19777777777777783