4 0.8037086776859504 0.8506340057636889 0.04620867768595043 0.2693659942363113
4 0.3610847107438016 0.169164265129683 0.044194214876033026 0.25864553314121036
4 0.3647417355371901 0.8206916426512968 0.03994834710743798 0.22371757925072044
4 0.5341838842975207 0.8656195965417868 0.03905991735537184 0.26187319884726223
3 0.5253512396694215 0.15974063400576372 0.03994834710743798 0.26458213256484153
4 0.19543388429752068 0.1585878962536023 0.04620867768595043 0.27991354466858787
3 0.4189359504132231 0.7994812680115274 0.04162190082644624 0.2702017291066282
3 0.032696280991735535 0.8265129682997119 0.045444214876033055 0.28841498559077816
4 0.30444214876033054 0.8002593659942363 0.039793388429752045 0.2298559077809798
4 0.19910123966942148 0.8057060518731988 0.04501033057851239 0.23360230547550442
4 0.2526859504132231 0.7811815561959654 0.043605371900826424 0.2654466858789626
3 0.09594008264462811 0.8157925072046109 0.053192148760330585 0.2965994236311239
4 0.8613326446280991 0.845878962536023 0.04385330578512402 0.23360230547550426
4 0.41894628099173553 0.18472622478386166 0.04433884297520657 0.285878962536023
4 0.9155268595041323 0.18097982708933716 0.04986570247933882 0.26971181556195967
3 0.1434504132231405 0.17896253602305476 0.04663223140495867 0.268328530259366
4 0.8066425619834711 0.1964841498559078 0.05511363636363627 0.2809510086455332
4 0.9716838842975207 0.1627665706051873 0.05153925619834721 0.2712391930835735
4 0.03125 0.16763688760806916 0.056126033057851236 0.289971181556196
4 0.9653305785123968 0.8431412103746397 0.0477892561983471 0.2814409221902016
3 0.312448347107438 0.17829971181556192 0.040010330578512415 0.2254178674351585
4 0.6396487603305785 0.16397694524495676 0.042572314049586814 0.2664553314121037
4 0.583987603305785 0.8261383285302594 0.04122933884297529 0.23616714697406346
4 0.75 0.18780979827089336 0.047241735537190105 0.2754755043227666
3 0.08763429752066115 0.1790778097982709 0.040371900826446296 0.24244956772334292
4 0.6938429752066115 0.8254466858789625 0.04132231404958678 0.23648414985590788
4 0.7460950413223141 0.8370317002881844 0.04177685950413229 0.2353025936599423
0 0.8613326446280991 0.16951008645533144 0.04653925619834706 0.2789048991354467
4 0.6943388429752066 0.20227665706051873 0.04510330578512405 0.2746397694524496
4 0.25014462809917354 0.13 0.04501033057851242 0.23360230547550434
4 0.13585743801652891 0.7668876080691643 0.04501033057851239 0.23360230547550426
4 0.48011363636363635 0.8496829971181555 0.04501033057851245 0.23360230547550442
4 0.47109504132231406 0.16365994236311238 0.04501033057851245 0.23360230547550434
4 0.6351859504132231 0.8260230547550432 0.04501033057851233 0.23360230547550426
4 0.5802479338842975 0.17351585014409224 0.04501033057851233 0.23360230547550434
4 0.9075413223140496 0.8280115273775216 0.04501033057851233 0.23360230547550442