3 0.8987096774193549 0.3668579234972678 0.08251612903225819 0.21442622950819676
3 0.3999516129032258 0.36663934426229505 0.07861290322580643 0.22415300546448094
3 0.30346774193548387 0.39401639344262296 0.07433870967741932 0.2012021857923497
3 0.13188709677419355 0.39535519125683055 0.07683870967741936 0.23450819672131143
4 0.4558064516129033 0.8213661202185792 0.08251612903225801 0.2378142076502731
3 0.6615161290322581 0.38732240437158466 0.09856451612903228 0.23882513661202182
4 0.8208064516129032 0.8192896174863389 0.09875806451612906 0.2593169398907103
4 0.48388709677419356 0.339535519125683 0.08679032258064508 0.2318032786885246
4 0.35546774193548386 0.8048087431693989 0.08416129032258066 0.2336612021857923
4 0.7377903225806451 0.31658469945355194 0.09154838709677418 0.2330601092896175
4 0.11737096774193548 0.135327868852459 0.07170967741935486 0.22871584699453545
4 0.5405322580645161 0.8060382513661202 0.08801612903225814 0.2214754098360655
4 0.6425806451612903 0.8316939890710382 0.08850000000000001 0.23655737704918045
4 0.9209032258064517 0.7804098360655738 0.09704838709677431 0.25330601092896177
3 0.8806774193548387 0.1601639344262295 0.06940322580645157 0.19377049180327868
4 0.2841774193548387 0.17297814207650275 0.08209677419354836 0.22374316939890707
4 0.9707096774193549 0.36601092896174864 0.05856451612903217 0.20543715846994534
4 0.9809516129032259 0.7948907103825137 0.037967741935483815 0.19748633879781413
4 0.009967741935483871 0.8147267759562842 0.01961290322580645 0.26448087431693984
4 0.7483387096774194 0.8136065573770491 0.08209677419354836 0.22374316939890707
4 0.6304354838709677 0.12076502732240438 0.08209677419354836 0.22374316939890715
4 0.5741290322580644 0.35407103825136615 0.08209677419354836 0.22374316939890707
4 0.8408870967741936 0.32295081967213113 0.08209677419354844 0.22374316939890715
3 0.3782258064516129 0.17688524590163934 0.07861290322580647 0.22415300546448086
3 0.4526612903225806 0.17579234972677596 0.07861290322580647 0.22415300546448094
3 0.2065483870967742 0.1275136612021858 0.07861290322580647 0.22415300546448086
3 0.5315161290322581 0.1421584699453552 0.07861290322580647 0.22415300546448094
3 0.27527419354838706 0.8456830601092896 0.07861290322580647 0.22415300546448078
3 0.16412903225806452 0.868879781420765 0.07861290322580647 0.22415300546448078
3 0.08335483870967741 0.8834972677595628 0.07861290322580644 0.22415300546448078
3 0.7845483870967742 0.11207650273224044 0.07861290322580647 0.2241530054644809
3 0.714741935483871 0.11207650273224044 0.07861290322580647 0.2241530054644809
3 0.22146774193548388 0.4091256830601093 0.07861290322580647 0.22415300546448094