4 0.3874438202247191 0.6876933333333333 0.11478932584269666 0.1716933333333333
4 0.7498314606741573 0.6776933333333333 0.1267696629213483 0.16502666666666665
4 0.3669662921348314 0.8770933333333334 0.10893258426966289 0.18714666666666654
4 0.4961095505617978 0.877 0.12846910112359555 0.19029333333333337
4 0.6285814606741573 0.8716266666666667 0.1195224719101124 0.21289333333333343
4 0.7801685393258427 0.8690399999999999 0.13477528089887644 0.22103999999999996
4 0.9232724719101124 0.8758933333333333 0.12955056179775282 0.22807999999999992
4 0.12505617977528088 0.8518133333333333 0.13071629213483144 0.19325333333333342
4 0.15831460674157302 0.6664933333333334 0.09542134831460673 0.17261333333333337
4 0.052275280898876404 0.6703866666666668 0.10455056179775281 0.17372000000000004
4 0.12855337078651685 0.36419999999999997 0.09560393258426965 0.12802666666666665
4 0.21780898876404498 0.37206666666666666 0.09504213483146069 0.12710666666666667
4 0.32941011235955053 0.3766133333333333 0.09351123595505616 0.13283999999999999
4 0.4275421348314607 0.36864 0.10016853932584277 0.13692000000000004
4 0.7350000000000001 0.3535466666666667 0.09712078651685398 0.11671999999999999
4 0.9158567415730338 0.35150666666666663 0.12876404494382032 0.13265333333333335
4 0.8563483146067417 0.23861333333333334 0.10105337078651692 0.10351999999999999
4 0.5787359550561798 0.23509333333333332 0.10058988764044945 0.11648000000000001
4 0.4948455056179775 0.24121333333333334 0.08730337078651682 0.12204000000000004
4 0.4085112359550562 0.24806666666666669 0.10074438202247193 0.12908
4 0.04945224719101124 0.26194666666666666 0.08837078651685394 0.11020000000000005
4 0.10144662921348316 0.05496 0.09051966292134833 0.07954666666666667
4 0.2144943820224719 0.04977333333333333 0.09543539325842695 0.09584
4 0.2675561797752809 0.05876 0.06110955056179774 0.11048
4 0.33008426966292137 0.05996 0.07029494382022473 0.11992
4 0.411938202247191 0.057 0.09703651685393262 0.114
4 0.6474719101123596 0.04733333333333333 0.06460674157303371 0.09466666666666666
4 0.7217415730337079 0.05625333333333333 0.07057584269662921 0.11250666666666666
3 0.2780056179775281 0.6666799999999999 0.0995365168539326 0.16632000000000002
3 0.5259691011235955 0.6798266666666667 0.12495786516853936 0.17261333333333337
3 0.6410674157303371 0.6774133333333333 0.11640449438202247 0.1744666666666667
3 0.8849438202247192 0.6621333333333334 0.16875000000000012 0.16057333333333343
3 0.25400280898876404 0.8730266666666666 0.10070224719101122 0.2190133333333333
3 0.03581460674157303 0.37533333333333335 0.07162921348314606 0.12933333333333333
3 0.5223595505617977 0.36596000000000006 0.10720505617977534 0.12154666666666662
3 0.6321910112359551 0.36772000000000005 0.10918539325842698 0.11506666666666665
3 0.8285533707865168 0.35892 0.09109550561797738 0.12080000000000003
3 0.9271769662921348 0.22916 0.10925561797752804 0.1046266666666667
3 0.7446629213483147 0.23259999999999997 0.10589887640449443 0.12148000000000002
3 0.655308988764045 0.23101333333333332 0.10977528089887637 0.12166666666666667
3 0.32570224719101126 0.24018666666666666 0.07907303370786518 0.10333333333333333
3 0.23167134831460673 0.245 0.07358146067415729 0.0996266666666667
3 0.14271067415730337 0.2541733333333333 0.09228932584269664 0.10797333333333335
3 0.7959691011235955 0.06792 0.0750842696629214 0.09214666666666668
3 0.8863904494382022 0.06282666666666666 0.09091292134831463 0.07862666666666665
3 0.9620786516853933 0.056 0.07584269662921349 0.09333333333333334
3 0.5734691011235955 0.07996 0.08303370786516855 0.10956000000000002
3 0.489873595505618 0.08385333333333334 0.08789325842696635 0.084
2 0.15933988764044943 0.6582133333333334 0.07969101123595505 0.1553333333333334
2 0.6347752808988764 0.8743333333333333 0.10620786516853933 0.20201333333333332
2 0.37313202247191013 0.6900133333333334 0.09064606741573032 0.18121333333333337
2 0.5800421348314607 0.24534666666666666 0.06959269662921341 0.12290666666666668
2 0.21120786516853932 0.36973333333333336 0.08258426966292136 0.12403999999999997
2 0.7816151685393258 0.8690666666666667 0.11292134831460687 0.2016133333333334
0 0.5260252808988763 0.67516 0.12514044943820227 0.16497333333333336
2 0.3656601123595506 0.88112 0.09483146067415728 0.17260000000000006
0 0.5212780898876405 0.3651466666666667 0.0953651685393258 0.12245333333333337
2 0.7356601123595505 0.34897333333333336 0.08162921348314599 0.10518666666666665
2 0.8453089887640449 0.23051999999999997 0.08807584269662927 0.09159999999999999
2 0.4916292134831461 0.8867866666666667 0.10235955056179774 0.18022666666666676
2 0.4241573033707865 0.3668666666666666 0.06952247191011236 0.10564000000000003
0 0.3315449438202247 0.24933333333333332 0.07259831460674153 0.13464000000000004
2 0.12139044943820226 0.36558666666666667 0.07957865168539326 0.10198666666666668
2 0.3322752808988764 0.3753066666666667 0.06886235955056184 0.10944000000000002
2 0.49537921348314606 0.23732 0.06594101123595512 0.10681333333333336
2 0.7541573033707866 0.6688133333333334 0.08991573033707863 0.13232000000000002
2 0.4143539325842696 0.25038666666666665 0.06459269662921349 0.10282666666666668
2 0.416629213483146 0.05473333333333333 0.06066011235955064 0.09484
0 0.6317415730337079 0.6732533333333334 0.11992977528089886 0.12518666666666664
2 0.9324016853932584 0.34348 0.09323033707865153 0.09448000000000002
2 0.9299859550561798 0.87836 0.1301685393258428 0.1968666666666668
2 0.3383988764044944 0.05554666666666666 0.06262640449438207 0.09797333333333336
2 0.7177949438202247 0.043333333333333335 0.0703932584269663 0.08217333333333332
2 0.04595505617977528 0.25844 0.08275280898876405 0.08818666666666665
2 0.6458286516853933 0.045386666666666665 0.06943820224719092 0.08014666666666667
2 0.26297752808988767 0.06644 0.06212078651685396 0.07593333333333335