4 0.08038541666666667 0.11707564575645756 0.07275520833333333 0.18799815498154984
4 0.27734375 0.061273062730627305 0.0718385416666667 0.1225369003690037
4 0.21044791666666668 0.07427121771217714 0.07055729166666667 0.1459409594095941
4 0.14758333333333334 0.7788007380073801 0.09320312500000001 0.27070110701107014
4 0.3259270833333333 0.6702583025830258 0.09466666666666666 0.2527490774907749
4 0.5512708333333334 0.529289667896679 0.11316145833333333 0.2371863468634687
4 0.3383802083333334 0.04694649446494465 0.06427083333333337 0.0938929889298893
4 0.0403125 0.8520479704797048 0.08038541666666665 0.2959040590405904
4 0.6303697916666666 0.4912361623616236 0.0951562499999999 0.21588560885608854
4 0.20739583333333336 0.9279889298892989 0.19714583333333335 0.14259225092250927
4 0.7690416666666666 0.6066974169741697 0.15002604166666675 0.1824815498154981
4 0.7612291666666666 0.41491697416974166 0.12463541666666676 0.2231365313653137
4 0.019713541666666664 0.15210332103321034 0.0390625 0.18702029520295205
4 0.423828125 0.8324169741697417 0.1877447916666667 0.23739852398523978
4 0.4089375 0.6313468634686347 0.09185937500000006 0.2204335793357934
4 0.496828125 0.21037822878228785 0.10913020833333333 0.15070110701107012
4 0.4643541666666666 0.02261992619926199 0.05911458333333333 0.044271217712177124
4 0.039427083333333335 0.025590405904059043 0.05822916666666666 0.05046125461254613
3 0.15069270833333331 0.13262915129151293 0.0756875 0.09885608856088562
3 0.23683333333333334 0.7178690036900368 0.09171874999999999 0.15619003690036895
3 0.47538541666666667 0.585359778597786 0.10702083333333334 0.15869003690036898
3 0.6761197916666667 0.4477214022140222 0.0883541666666666 0.13864391143911442
3 0.11433878958333334 0.3822847287822878 0.13064895833333334 0.4637158671586716 0.2857796875 0.3816789667896679 0.26725625 0.3078459409594096 0.11907239583333333 0.3803118081180812 0.11433878958333334 0.3822847287822878
3 0.4416817708333333 0.30237638376383763 0.41621250000000004 0.22033948339483397 0.28037708333333333 0.2982749077490775 0.2819203125 0.3010092250922509 0.2942692708333333 0.3721079335793358 0.4416817708333333 0.30237638376383763
3 0.5563504364583333 0.16267236808118082 0.5798322916666667 0.23948154981549816 0.6894270833333334 0.18615774907749078 0.6562401041666667 0.10822324723247231 0.5563504364583333 0.16267236808118082