4 0.88427734375 0.4398871527777778 0.034759521484375 0.027113172743055556
4 0.01238250732421875 0.4704861111111111 0.0210113525390625 0.014607747395833334
4 0.82080078125 0.6232638888888888 0.08648681640625 0.1037326388888889
4 0.72314453125 0.4444444444444444 0.038604736328125 0.027533637152777776
4 0.697265625 0.5659722222222222 0.079345703125 0.060601128472222224
4 0.435302734375 0.5520833333333334 0.039642333984375 0.06016710069444445
4 0.042572021484375 0.4752604166666667 0.040771484375 0.032470703125
4 0.71044921875 0.6440972222222222 0.089599609375 0.1293402777777778
4 0.2587890625 0.4487847222222222 0.0247955322265625 0.014960394965277778
4 0.2156982421875 0.4505208333333333 0.021240234375 0.01513671875
4 0.285400390625 0.4453125 0.0233306884765625 0.018364800347222224
4 0.2366943359375 0.453125 0.0207977294921875 0.01416015625
4 0.92919921875 0.4424913194444444 0.030670166015625 0.018012152777777776
4 0.63134765625 0.6514756944444444 0.073974609375 0.12293836805555555
4 0.383544921875 0.4372829861111111 0.01861572265625 0.013888888888888888
4 0.3798828125 0.6336805555555556 0.1287841796875 0.1003689236111111
4 0.368408203125 0.4227430555555556 0.0220794677734375 0.014784071180555556