4 0.7099635416666668 0.6423611111111112 0.0903906250000001 0.13129629629629624
4 0.379640625 0.6336851851851851 0.12939583333333335 0.09944444444444453
4 0.4450677083333333 0.5750833333333334 0.08569270833333333 0.06352777777777768
4 0.8208020833333334 0.6228333333333333 0.08758333333333326 0.10411111111111117
4 0.6318385416666668 0.6527777777777778 0.07409895833333333 0.1231574074074074
4 0.1838385416666667 0.551212962962963 0.058229166666666644 0.048398148148148135
4 0.04321354166666667 0.4752592592592592 0.04193229166666666 0.03323148148148152
4 0.012723958333333334 0.4700555555555555 0.021989583333333333 0.015240740740740721
4 0.25879166666666664 0.4483518518518519 0.025510416666666678 0.014000000000000004
4 0.2160625 0.45051851851851854 0.021744791666666666 0.015064814814814798
4 0.3830572916666667 0.43771296296296297 0.017515625000000055 0.015064814814814798