4 0.013275146484375 0.4704861111111111 0.022247314453125 0.015855577256944444
4 0.9267578125 0.4383680555555556 0.029815673828125 0.019843207465277776
4 0.435302734375 0.5512152777777778 0.0391845703125 0.05995008680555555
4 0.301513671875 0.4891493055555556 0.053314208984375 0.035400390625
4 0.82373046875 0.6236979166666666 0.08331298828125 0.1044921875
4 0.042236328125 0.4752604166666667 0.0416259765625 0.032904730902777776
4 0.2161865234375 0.4505208333333333 0.0210418701171875 0.016099717881944444
4 0.37939453125 0.6349826388888888 0.1280517578125 0.10053168402777778
4 0.29833984375 0.4513888888888889 0.0252685546875 0.018215603298611112
4 0.6337890625 0.6514756944444444 0.0751953125 0.12272135416666667
4 0.5546875 0.4835069444444444 0.05645751953125 0.036295572916666664
4 0.2587890625 0.4479166666666667 0.02606201171875 0.01513671875
4 0.70068359375 0.4440104166666667 0.039276123046875 0.033989800347222224
4 0.3828125 0.4379340277777778 0.0185394287109375 0.015190972222222222