4 0.7109375 0.6436666666666666 0.08978125000000006 0.13291666666666663
4 0.873046875 0.61675 0.08154166666666664 0.0926666666666666
4 0.4357916666666667 0.5516481481481481 0.039854166666666656 0.06076851851851862
4 0.3793958333333334 0.6341111111111112 0.1280520833333334 0.10014814814814822
4 0.8208020833333334 0.6228333333333333 0.0864843750000001 0.10411111111111117
4 0.6381822916666666 0.650611111111111 0.07287500000000004 0.1231574074074074
4 0.5302760416666666 0.5763888888888888 0.0751979166666666 0.059027777777777776
4 0.18371354166666667 0.5507777777777778 0.05844270833333335 0.04793518518518517
4 0.04257291666666666 0.4756944444444444 0.04193229166666668 0.03366666666666663
4 0.012624999999999999 0.47005555555555556 0.021619791666666666 0.014675925925925946
4 0.9296875 0.4385833333333333 0.030625000000000093 0.021185185185185182
4 0.28515625 0.4448796296296297 0.023239583333333275 0.018712962962962997
4 0.2595208333333333 0.44922222222222224 0.02546875000000002 0.015546296296296263
4 0.2161875 0.45051851851851854 0.021651041666666693 0.015425925925925897
4 0.23596354166666667 0.4531296296296296 0.02297916666666667 0.015370370370370392
3 0.277484375 0.556212962962963 0.015041666666666724 0.031842592592592686
3 0.31477083333333333 0.5630740740740741 0.011484374999999976 0.020870370370370338
3 0.351375 0.5722499999999999 0.016989583333333277 0.029962962962962872
3 0.39343229166666666 0.5659074074074074 0.017770833333333277 0.023435185185185135