4 0.7734375 0.6388888888888888 0.08770833333333337 0.11534259259259254
4 0.435546875 0.5516481481481481 0.039427083333333356 0.0614166666666666
4 0.8720729166666668 0.6176203703703703 0.08209374999999994 0.09250000000000008
4 0.3803697916666666 0.6345462962962962 0.12878645833333333 0.10014814814814822
4 0.6323229166666666 0.6532129629629629 0.07489062499999997 0.12337037037037038
4 0.1833489583333333 0.5507777777777778 0.05834895833333332 0.0481203703703704
4 0.043458333333333335 0.4752592592592592 0.04183854166666666 0.03271296296296295
4 0.013166666666666667 0.4704907407407407 0.021989583333333333 0.01573148148148149
4 0.6879895833333334 0.44661111111111107 0.03561458333333339 0.03184259259259258
4 0.29809375 0.4513888888888889 0.02442708333333338 0.01779629629629632
4 0.2592760416666667 0.4479166666666667 0.024796875000000006 0.014157407407407374
4 0.3825677083333333 0.43771296296296297 0.018187500000000037 0.015851851851851857
4 0.21630729166666668 0.45051851851851854 0.021333333333333353 0.01610185185185184