4 0.3855 0.6388888888888888 0.06310937500000004 0.1679722222222223
4 0.20276041666666667 0.6085092592592594 0.05450520833333332 0.13834259259259266
4 0.4584947916666666 0.6393240740740741 0.048036458333333344 0.16015740740740744
4 0.10796875 0.5872407407407407 0.046541666666666676 0.12359259259259261
4 0.5336927083333334 0.44205555555555565 0.08880729166666672 0.07481481481481482
4 0.15270833333333333 0.42556481481481484 0.05270312499999998 0.06016666666666668
4 0.054109375 0.5633703703703704 0.0403125 0.10720370370370368
4 0.7412135416666668 0.6410555555555556 0.05291666666666662 0.16536111111111104
4 0.22119270833333332 0.4327222222222222 0.06781249999999997 0.06223148148148151
4 0.7993177083333334 0.6202222222222222 0.05331250000000007 0.1740462962962963
4 0.9077135416666666 0.5985277777777778 0.04595833333333322 0.13530555555555546
4 0.3139635416666666 0.4309907407407408 0.0850833333333334 0.07926851851851853
4 0.4282239583333334 0.43315740740740744 0.057375000000000044 0.07204629629629634
4 0.5190416666666666 0.6380185185185184 0.046812500000000055 0.15429629629629618
4 0.6870104166666666 0.43728703703703703 0.07739062500000007 0.07259259259259257
4 0.7939479166666668 0.4327222222222222 0.06671354166666674 0.06917592592592596
4 0.012921875 0.525611111111111 0.025802083333333333 0.08718518518518525
4 0.06384375 0.42100925925925925 0.035552083333333345 0.04695370370370374
4 0.10070833333333334 0.4275185185185185 0.037901041666666656 0.049888888888888885
4 0.013328125 0.41232407407407407 0.025328125 0.039629629629629584
4 0.03790104166666666 0.41645370370370366 0.024473958333333337 0.04147222222222219
4 0.14660416666666667 0.8359351851851852 0.03689583333333335 0.05045370370370371
3 0.6391718750000001 0.6701944444444444 0.05265624999999995 0.1579444444444444
3 0.573953125 0.6598981481481482 0.05265624999999995 0.1579444444444444
3 0.26947916666666666 0.6331296296296296 0.05265624999999998 0.1579444444444444
3 0.33160416666666664 0.6255648148148149 0.05265624999999995 0.1579444444444444
3 0.14984375 0.5987962962962964 0.05265625000000001 0.1579444444444444