4 0.435546875 0.5516481481481481 0.03933854166666665 0.06130555555555559
4 0.8725572916666666 0.6180555555555556 0.08196875000000006 0.09147222222222219
4 0.37988541666666664 0.6349814814814815 0.12854166666666664 0.10014814814814822
4 0.7705104166666668 0.6397592592592594 0.08557291666666676 0.11219444444444451
4 0.6313489583333334 0.6527777777777778 0.07543750000000007 0.12293518518518518
4 0.18347395833333333 0.5507777777777778 0.058229166666666644 0.04820370370370365
4 0.04376041666666666 0.4756944444444444 0.043458333333333335 0.03323148148148152
4 0.012723958333333334 0.4704907407407407 0.022291666666666664 0.015666666666666683
4 0.6240260416666668 0.42339814814814813 0.026609375000000077 0.0180092592592593
4 0.29785416666666664 0.4518240740740741 0.024656249999999956 0.01779629629629632
4 0.3825677083333333 0.43728703703703703 0.018187500000000037 0.014962962962962933
4 0.25903125 0.4479166666666667 0.025083333333333315 0.014499999999999971
4 0.2161875 0.45051851851851854 0.021333333333333353 0.01573148148148149