4 0.4357916666666667 0.5520833333333334 0.03955208333333336 0.06179629629629631
4 0.379640625 0.6341111111111112 0.1280520833333333 0.10090740740740742
4 0.771484375 0.6393240740740741 0.08868229166666666 0.11425925925925934
4 0.6357447916666668 0.6497407407407407 0.09008854166666656 0.1449629629629629
4 0.873046875 0.6180555555555556 0.08154166666666664 0.09287962962962958
4 0.908203125 0.4420555555555556 0.0343020833333334 0.022444444444444454
4 0.18310416666666668 0.551212962962963 0.05624479166666667 0.0489351851851851
4 0.7255885416666668 0.4236111111111111 0.0284427083333334 0.022620370370370325
4 0.04281770833333333 0.4756944444444444 0.04138020833333334 0.033037037037037045
4 0.8935572916666668 0.4943611111111111 0.04025520833333331 0.03878703703703713
4 0.012822916666666665 0.4704907407407407 0.022078125 0.015018518518518544
4 0.9887708333333334 0.7782129629629629 0.02052083333333338 0.10682407407407397
4 0.21630729166666668 0.45051851851851854 0.021286458333333334 0.016287037037037065
4 0.29809375 0.4518240740740741 0.028807291666666637 0.018787037037037005