4 0.3852552083333334 0.6393240740740741 0.06408854166666664 0.1698148148148149
4 0.7412135416666668 0.6410555555555556 0.05319270833333339 0.16590740740740748
4 0.203125 0.6080740740740741 0.0546875 0.1385648148148149
4 0.458984375 0.6388888888888888 0.04812500000000005 0.16156481481481483
4 0.798828125 0.6202222222222222 0.05511458333333342 0.1750185185185185
4 0.10840104166666667 0.587675925925926 0.04611458333333334 0.12380555555555559
4 0.22155729166666666 0.43315740740740744 0.06890624999999997 0.0625
4 0.053984375 0.5633703703703704 0.03948958333333333 0.10487037037037036
4 0.15332291666666667 0.42491666666666666 0.05291666666666668 0.05924074074074076
4 0.5356458333333334 0.44205555555555553 0.09204166666666662 0.07612037037037035
4 0.908203125 0.599388888888889 0.04654166666666673 0.13801851851851846
3 0.29653125 0.6389444444444444 0.02833333333333338 0.07128703703703705
3 0.5805833333333333 0.6658148148148149 0.04564583333333327 0.07204629629629625
4 0.7939479166666668 0.43207407407407405 0.06597916666666657 0.06889814814814813
4 0.4258020833333333 0.4188148148148148 0.05954166666666663 0.05772222222222225
4 0.313234375 0.43207407407407405 0.08416666666666663 0.08078703703703703
1 0.7899114583333334 0.338537037037037 0.06076041666666659 0.05229629629629631
1 0.45089062500000004 0.2986759259259259 0.08373958333333333 0.06879629629629626
4 0.013026041666666667 0.5243055555555556 0.026052083333333333 0.08832407407407417
1 0.15986979166666665 0.31099074074074073 0.03994791666666669 0.04676851851851851
4 0.06371875 0.42100925925925925 0.03521875 0.04695370370370374
4 0.6830104166666667 0.43360185185185185 0.05291666666666662 0.058481481481481454
4 0.10107291666666667 0.4275185185185185 0.03817708333333334 0.05015740740740737
4 0.013375 0.41298148148148145 0.025510416666666667 0.03947222222222222
4 0.038177083333333334 0.41645370370370366 0.024427083333333335 0.04093518518518522
4 0.51953125 0.6388888888888888 0.04638541666666664 0.15397222222222218
4 0.009635416666666667 0.2643240740740741 0.018052083333333333 0.029842592592592608
3 0.6411666666666667 0.6761018518518519 0.04564583333333327 0.07204629629629625
3 0.2595104166666667 0.6163981481481482 0.04564583333333336 0.07204629629629625
3 0.15840625 0.6115833333333334 0.02943749999999999 0.07204629629629625