4 0.7104479166666666 0.6432314814814816 0.08947916666666676 0.13215740740740742
4 0.435546875 0.5516481481481481 0.03970312500000001 0.06076851851851862
4 0.8715833333333334 0.6163240740740741 0.08135937500000003 0.09250000000000008
4 0.3793958333333334 0.6341111111111112 0.12878645833333333 0.10014814814814822
4 0.63671875 0.6497407407407407 0.07397395833333344 0.12412962962962958
4 0.1838385416666667 0.551212962962963 0.058229166666666644 0.047388888888888946
4 0.302 0.4648425925925926 0.03661979166666664 0.026083333333333347
4 0.04296875 0.4765648148148149 0.043703124999999995 0.034722222222222224
4 0.012145833333333333 0.4704907407407407 0.021161458333333338 0.014731481481481505
4 0.2161875 0.45051851851851854 0.021333333333333353 0.01513888888888891
4 0.2595208333333333 0.44922222222222224 0.025328125000000028 0.015425925925925897
4 0.2854010416666667 0.4448796296296297 0.024093749999999994 0.01779629629629632