4 0.7104479166666666 0.6427962962962963 0.08990624999999994 0.13215740740740742
4 0.4357916666666667 0.551212962962963 0.03927604166666671 0.059027777777777776
4 0.379640625 0.63325 0.1291510416666667 0.10037037037037046
4 0.8208020833333334 0.6228333333333333 0.087890625 0.10487037037037036
4 0.6357447916666668 0.6493055555555556 0.07489062499999997 0.125
4 0.1838385416666667 0.5503518518518519 0.05911458333333333 0.0481203703703704
4 0.04153645833333333 0.4752592592592592 0.04147395833333333 0.033370370370370335
4 0.3122552083333333 0.46875 0.04239062500000005 0.022268518518518476
4 0.10266145833333334 0.4865462962962963 0.023817708333333344 0.03184259259259263
4 0.449953125 0.4609351851851851 0.04647916666666667 0.026805555555555544
4 0.012671874999999999 0.47005555555555556 0.021484375 0.014444444444444466
4 0.11877604166666668 0.473962962962963 0.022203124999999997 0.016861111111111146