4 0.7109375 0.6427962962962963 0.08910937500000007 0.13097222222222227
4 0.435546875 0.5516481481481481 0.03933854166666665 0.06130555555555559
4 0.87109375 0.6163240740740741 0.08239583333333324 0.09320370370370377
4 0.37988541666666664 0.6341111111111112 0.12890625 0.10052777777777772
4 0.6323229166666666 0.6532129629629629 0.0736718749999999 0.12435185185185181
4 0.182859375 0.5507777777777778 0.057588541666666694 0.048398148148148135
4 0.6870104166666666 0.4496574074074074 0.04281770833333335 0.029944444444444475
4 0.8247083333333334 0.4830740740740741 0.04867708333333335 0.03276851851851856
4 0.04303125 0.4752592592592592 0.04162500000000001 0.03271296296296295
4 0.013020833333333334 0.47005555555555556 0.022583333333333334 0.015194444444444415
4 0.21630729166666668 0.45051851851851854 0.020567708333333337 0.014842592592592567
4 0.259765625 0.44922222222222224 0.02504166666666666 0.015787037037036995