4 0.43457291666666664 0.5507777777777778 0.03854166666666667 0.05848148148148156
4 0.7094739583333334 0.6419259259259259 0.09136979166666657 0.13291666666666663
4 0.6411145833333334 0.5898425925925925 0.07006770833333344 0.06711111111111112
4 0.380125 0.6345462962962962 0.12878645833333333 0.10037037037037046
4 0.8212916666666668 0.6228333333333333 0.08758333333333326 0.10471296296296288
4 0.1838385416666667 0.551212962962963 0.058015624999999994 0.04774074074074069
4 0.27221875 0.471787037037037 0.03759895833333336 0.022703703703703688
4 0.012427083333333333 0.4704907407407407 0.02116145833333333 0.014787037037037062
4 0.3825677083333333 0.4379351851851852 0.017380208333333275 0.01433333333333335
4 0.047942708333333334 0.4765648148148149 0.041687499999999995 0.03323148148148152
4 0.2595208333333333 0.4479166666666667 0.023729166666666638 0.014611111111111085
4 0.3559583333333334 0.43250925925925926 0.01373958333333339 0.01347222222222218
0 0.2161875 0.45051851851851854 0.021041666666666656 0.014787037037037062
0 0.28515625 0.44531481481481483 0.02258333333333328 0.017453703703703725