4 0.3876961602671119 0.6970013755158184 0.06255982192543132 0.23519944979367263
4 0.7465831942125765 0.6994222833562587 0.05459654980523101 0.2323383768913343
4 0.20263772954924875 0.6547592847317744 0.05581524763494711 0.19823933975240707
4 0.4626488592097941 0.6951994497936727 0.047790762381747294 0.22508940852819806
4 0.8042014468558709 0.6704539202200824 0.05542014468558717 0.24892709766162308
4 0.10779076238174735 0.6282118294360386 0.04647746243739565 0.17606602475928482
4 0.15271007234279355 0.3994910591471802 0.05450194769059542 0.08381017881705632
4 0.05224819143016138 0.5871801925722145 0.0406176961602671 0.14822558459422283
4 0.5380856983861992 0.42182943603851447 0.09106288258208117 0.10583218707015123
4 0.222047857540345 0.41126547455295737 0.07122982749026155 0.0881843191196699
4 0.7993155258764607 0.4100550206327373 0.06646633277685034 0.10017881705639621
4 0.6928714524207011 0.4148830811554333 0.07824707846410692 0.1019119669876204
4 0.9130884808013355 0.6426960110041265 0.046722314969393455 0.19371389270976613
4 0.0607623817473567 0.3934662998624484 0.03521981079577073 0.06367262723521315
4 0.012242626599888704 0.5350756533700137 0.02448525319977741 0.12379642365887207
4 0.1005230940456316 0.40191196698762033 0.03769059543683918 0.06845942228335623
4 0.011964385086254869 0.3796423658872077 0.023928770172509738 0.055020632737276476
1 0.9702170283806344 0.20110041265474551 0.02903728436282684 0.057028885832187064
4 0.03607122982749026 0.3853094910591472 0.023956594323873124 0.056685006877579144
4 0.31543127434613244 0.40674002751031635 0.08727879799666109 0.11292984869326
4 0.027696160267111854 0.15433287482806052 0.018586533110740117 0.042283356258596985
1 0.9731441291040623 0.1428748280605227 0.035553700612131256 0.06426409903713892
4 0.5214858096828047 0.6976066024759285 0.04715080690038955 0.22026134800550207
4 0.008419588202559822 0.17184319119669877 0.016839176405119644 0.04198074277854195
4 0.04409571508069004 0.1431774415405777 0.017579298831385645 0.03841815680880331
4 0.057189760712298275 0.1366850068775791 0.025865331107401218 0.047001375515818455
3 0.5826210350584308 0.7208528198074277 0.06022259321090702 0.22295735900962857
3 0.6454757929883139 0.7082943603851444 0.060328324986087846 0.20962861072902342
3 0.3007679465776294 0.6837276478679506 0.038686700055648296 0.16441540577716648
3 0.2501446855870896 0.6657083906464925 0.02966611018363937 0.14803301237964228
3 0.3473233166388425 0.6731361760660247 0.020500834724540857 0.17861072902338374
3 0.1483750695603784 0.6101237964236589 0.016922648859209792 0.08795048143053637
3 0.871274346132443 0.6748830811554333 0.041302170283806235 0.15064649243466297