4 0.3855 0.6397592592592594 0.06256250000000006 0.16775000000000007
4 0.20324479166666667 0.6076388888888888 0.05450520833333332 0.13758333333333325
4 0.458984375 0.6397592592592594 0.04779166666666666 0.159287037037037
4 0.108765625 0.5872407407407407 0.0468125 0.12435185185185181
4 0.7407239583333334 0.6414907407407406 0.05349479166666669 0.16536111111111104
4 0.054197916666666665 0.5607685185185185 0.040010416666666666 0.10297222222222226
4 0.8002916666666666 0.6210925925925925 0.054994791666666744 0.17437037037037031
4 0.15332291666666667 0.42621296296296296 0.05301041666666665 0.05962037037037036
4 0.22168229166666667 0.4333796296296296 0.06805208333333332 0.06223148148148151
4 0.5346666666666666 0.44249074074074074 0.09234375000000003 0.07665740740740737
4 0.428953125 0.434462962962963 0.057375000000000044 0.07074999999999997
4 0.31371875 0.43186111111111114 0.08404687500000006 0.07812962962962963
4 0.9077135416666666 0.5989629629629629 0.04629687499999993 0.13704629629629628
4 0.5180677083333334 0.6388888888888888 0.04742187500000004 0.1553796296296296
4 0.7944322916666666 0.43315740740740744 0.06793229166666657 0.06927777777777783
4 0.6870104166666666 0.43662962962962965 0.07946874999999996 0.07329629629629626
4 0.06439062499999999 0.42209259259259263 0.03582812500000001 0.04695370370370374
4 0.012953125000000001 0.5260462962962963 0.025901041666666666 0.08849074074074068
4 0.042479166666666665 0.32899074074074075 0.024187499999999997 0.03586111111111113
1 0.6079114583333334 0.295787037037037 0.08404687499999994 0.06488888888888893
1 0.296875 0.2975277777777778 0.06634375000000002 0.05663888888888885
4 0.100890625 0.4275185185185185 0.03753645833333333 0.05007407407407411
4 0.013588541666666667 0.4127592592592592 0.025510416666666664 0.039629629629629584
4 0.984375 0.2851574074074074 0.026963541666666656 0.04259259259259259
4 0.038239583333333334 0.4166666666666667 0.024703125000000003 0.04147222222222219
4 0.935546875 0.23567592592592593 0.03607291666666678 0.04587037037037039
1 0.9521510416666668 0.28125 0.03271354166666664 0.03878703703703702
4 0.9711927083333334 0.2504351851851852 0.026656249999999916 0.03518518518518519
4 0.059541666666666666 0.23958333333333334 0.025328124999999996 0.03136111111111112
4 0.90625 0.20475 0.03607291666666678 0.03572222222222221
4 0.010171875 0.26410185185185187 0.0195 0.03008333333333334
4 0.6928697916666666 0.1496296296296296 0.025130208333333334 0.023148148148148147
4 0.14660416666666667 0.8359351851851852 0.03759895833333335 0.05132407407407413
4 0.029541666666666667 0.25195370370370374 0.017104166666666667 0.027537037037037044