4 0.435791015625 0.5512152777777778 0.03948974609375 0.061089409722222224
4 0.01267242431640625 0.4700520833333333 0.021697998046875 0.014784071180555556
4 0.2352294921875 0.4522569444444444 0.0223236083984375 0.014729817708333334
4 0.71142578125 0.4761284722222222 0.05889892578125 0.03805881076388889
4 0.21630859375 0.4505208333333333 0.0205230712890625 0.015313042534722222
4 0.822265625 0.6236979166666666 0.08648681640625 0.1047092013888889
4 0.042388916015625 0.4756944444444444 0.042572021484375 0.03355577256944445
4 0.30322265625 0.46875 0.046539306640625 0.023410373263888888
4 0.259521484375 0.4479166666666667 0.025421142578125 0.014784071180555556
4 0.379638671875 0.6341145833333334 0.12890625 0.10069444444444445
4 0.7099609375 0.6432291666666666 0.08880615234375 0.13172743055555555
4 0.28466796875 0.4453125 0.0235137939453125 0.018581814236111112
4 0.63232421875 0.6527777777777778 0.07452392578125 0.12456597222222222
4 0.1514892578125 0.4943576388888889 0.033905029296875 0.024156358506944444