4 0.4223259357451433 0.27391575720751904 0.035624093712509006 0.022797222170421322
4 0.5417941707851173 0.4443929040310426 0.02976889712579022 0.030418182484135376
4 0.5425178672496493 0.47157533493008497 0.032952401165965324 0.01996822946740527
4 0.45710050023998205 0.4742345984363663 0.03399266714663073 0.028373176233054243
4 0.4215541460809998 0.4690896717512475 0.03408051438422189 0.03042900187516211
4 0.334716796875 0.55078125 0.02838134765625 0.022352430555555556
4 0.337158203125 0.5190972222222222 0.029815673828125 0.024807400173611112
4 0.301513671875 0.5199652777777778 0.03204345703125 0.022352430555555556
4 0.338134765625 0.4895833333333333 0.0299224853515625 0.0218505859375
4 0.301513671875 0.3980034722222222 0.03265380859375 0.020453559027777776
4 0.21728515625 0.5542534722222222 0.03125 0.022447374131944444
4 0.69970703125 0.7348090277777778 0.029876708984375 0.021348741319444444
4 0.3017578125 0.3396267361111111 0.030792236328125 0.021755642361111112
4 0.6591796875 0.6788194444444444 0.0309600830078125 0.021674262152777776
4 0.303955078125 0.6128472222222222 0.033782958984375 0.021348741319444444
4 0.78173828125 0.5325520833333334 0.030731201171875 0.021674262152777776
4 0.2213134765625 0.7565104166666666 0.0328369140625 0.023152669270833332
4 0.42138671875 0.24479166666666666 0.0293121337890625 0.022881401909722224
4 0.18310546875 0.7300347222222222 0.0323486328125 0.024061414930555556
4 0.7802734375 0.3524305555555556 0.0303802490234375 0.021755642361111112
4 0.337158203125 0.6137152777777778 0.02880859375 0.021931966145833332
4 0.185302734375 0.6731770833333334 0.03240966796875 0.022800021701388888
4 0.81884765625 0.5620659722222222 0.03125 0.021348741319444444
4 0.8193359375 0.4704861111111111 0.0330810546875 0.023410373263888888
4 0.336181640625 0.2808159722222222 0.0312042236328125 0.023328993055555556
4 0.77978515625 0.4678819444444444 0.03192138671875 0.022013346354166668
4 0.90625 0.5303819444444444 0.029754638671875 0.023600260416666668
4 0.216064453125 0.3444010416666667 0.0306243896484375 0.024237738715277776
4 0.5419921875 0.20833333333333334 0.0301513671875 0.022013346354166668
4 0.427001953125 0.8090277777777778 0.0310821533203125 0.022189670138888888
4 0.5712890625 0.2693142361111111 0.0328369140625 0.022976345486111112
4 0.300537109375 0.8411458333333334 0.02886962890625 0.021185980902777776
4 0.217529296875 0.3148871527777778 0.0306243896484375 0.023057725694444444
4 0.8193359375 0.4383680555555556 0.0343017578125 0.023410373263888888
4 0.94873046875 0.2625868055555556 0.03143310546875 0.020616319444444444
4 0.1876220703125 0.9053819444444444 0.0313720703125 0.023152669270833332
4 0.179443359375 0.2221137152777778 0.0333251953125 0.022976345486111112
4 0.185791015625 0.6453993055555556 0.03131103515625 0.021674262152777776
4 0.2255859375 0.84765625 0.030670166015625 0.022189670138888888
4 0.6611328125 0.7092013888888888 0.031494140625 0.022352430555555556
4 0.10614013671875 0.5217013888888888 0.0310821533203125 0.023871527777777776
4 0.464111328125 0.8394097222222222 0.0318603515625 0.023600260416666668
4 0.7783203125 0.7925347222222222 0.0313720703125 0.022976345486111112
4 0.336669921875 0.3103298611111111 0.0303802490234375 0.0220947265625
4 0.2257080078125 0.9592013888888888 0.0330810546875 0.024617513020833332
4 0.34033203125 0.671875 0.030853271484375 0.0201416015625
4 0.219482421875 0.4283854166666667 0.0300445556640625 0.022705078125
4 0.455810546875 0.1880425347222222 0.0299224853515625 0.023328993055555556
4 0.341552734375 0.9574652777777778 0.027801513671875 0.022800021701388888
4 0.66064453125 0.2973090277777778 0.034820556640625 0.023871527777777776
4 0.66357421875 0.8233506944444444 0.031494140625 0.024807400173611112
4 0.779296875 0.4099392361111111 0.032470703125 0.021511501736111112
4 0.335205078125 0.2506510416666667 0.03277587890625 0.024997287326388888
4 0.1827392578125 0.373046875 0.03253173828125 0.022271050347222224
4 0.9501953125 0.4364149305555556 0.03179931640625 0.0218505859375
4 0.779296875 0.2673611111111111 0.033477783203125 0.0218505859375
4 0.42333984375 0.21668836805555555 0.030792236328125 0.022528754340277776
4 0.2193603515625 0.25390625 0.034423828125 0.026692708333333332
4 0.78125 0.5907118055555556 0.0305633544921875 0.0201416015625
4 0.4599609375 0.8077256944444444 0.029815673828125 0.023776584201388888
4 0.2998046875 0.2543402777777778 0.034088134765625 0.023234049479166668
4 0.94677734375 0.3515625 0.03253173828125 0.023776584201388888
4 0.90478515625 0.5876736111111112 0.03338623046875 0.022447374131944444
4 0.29833984375 0.8142361111111112 0.0302734375 0.021185980902777776
4 0.8154296875 0.2955729166666667 0.0310821533203125 0.023410373263888888
4 0.0948486328125 0.1970486111111111 0.0293731689453125 0.021755642361111112
4 0.1822509765625 0.3444010416666667 0.034942626953125 0.022528754340277776
4 0.7783203125 0.7369791666666666 0.03314208984375 0.022189670138888888
4 0.81298828125 0.208984375 0.032470703125 0.022623697916666668
4 0.54541015625 0.7973090277777778 0.03033447265625 0.023871527777777776
4 0.2178955078125 0.2853732638888889 0.0311431884765625 0.024061414930555556
4 0.30126953125 0.3118489583333333 0.033721923828125 0.023152669270833332
4 0.81591796875 0.3240017361111111 0.0312042236328125 0.022881401909722224
4 0.2198486328125 0.2230902777777778 0.03326416015625 0.022881401909722224
4 0.216796875 0.4578993055555556 0.0280609130859375 0.021931966145833332
4 0.309814453125 0.671875 0.0272216796875 0.022881401909722224
4 0.09368896484375 0.4644097222222222 0.03436279296875 0.022271050347222224
4 0.181884765625 0.4309895833333333 0.0360107421875 0.023234049479166668
4 0.0982666015625 0.2814670138888889 0.0304412841796875 0.024061414930555556
4 0.8974609375 0.4704861111111111 0.03314208984375 0.020304361979166668
4 0.42724609375 0.8993055555555556 0.0311431884765625 0.02490234375
4 0.34521484375 0.7265625 0.0293121337890625 0.023695203993055556
4 0.8154296875 0.17936197916666666 0.03131103515625 0.022271050347222224
4 0.42578125 0.9565972222222222 0.0328369140625 0.023871527777777776
4 0.2237548828125 0.90625 0.030670166015625 0.022976345486111112
4 0.2242431640625 0.9322916666666666 0.03143310546875 0.023410373263888888
4 0.181884765625 0.2569444444444444 0.03216552734375 0.024237738715277776
4 0.54296875 0.8263888888888888 0.03289794921875 0.023695203993055556
4 0.22216796875 0.9869791666666666 0.028656005859375 0.023328993055555556
4 0.0970458984375 0.4327256944444444 0.03314208984375 0.023776584201388888
4 0.90234375 0.2660590277777778 0.03216552734375 0.021674262152777776
4 0.94677734375 0.3220486111111111 0.032958984375 0.023057725694444444
4 0.5791015625 0.8246527777777778 0.030792236328125 0.022881401909722224
4 0.77978515625 0.17740885416666666 0.0302734375 0.025092230902777776
4 0.184326171875 0.9331597222222222 0.034942626953125 0.024237738715277776
4 0.1746826171875 0.1994357638888889 0.0369873046875 0.025200737847222224
4 0.69482421875 0.1486545138888889 0.029205322265625 0.023057725694444444
4 0.339599609375 0.64453125 0.0290374755859375 0.021755642361111112
4 0.220703125 0.703125 0.036163330078125 0.024332682291666668
4 0.09771728515625 0.376953125 0.0300445556640625 0.023234049479166668
4 0.30712890625 0.7265625 0.0295867919921875 0.023505316840277776
4 0.3056640625 0.9305555555555556 0.0328369140625 0.024427625868055556
4 0.66357421875 0.8541666666666666 0.0306243896484375 0.022800021701388888
4 0.6552734375 0.1808810763888889 0.03021240234375 0.024427625868055556
4 0.90283203125 0.201171875 0.0292510986328125 0.022447374131944444
4 0.1826171875 0.4900173611111111 0.034027099609375 0.021931966145833332
4 0.216796875 0.5212673611111112 0.03265380859375 0.023600260416666668
4 0.100341796875 0.9088541666666666 0.037750244140625 0.025295681423611112
4 0.94677734375 0.2903645833333333 0.033843994140625 0.022623697916666668
4 0.307373046875 0.9019097222222222 0.030731201171875 0.024332682291666668
4 0.9453125 0.2068142361111111 0.03216552734375 0.025092230902777776
4 0.54052734375 0.17100694444444445 0.033843994140625 0.024156358506944444
4 0.306884765625 0.7552083333333334 0.033203125 0.022013346354166668
4 0.420166015625 0.1606987847222222 0.033538818359375 0.025200737847222224
4 0.176513671875 0.16688368055555555 0.037811279296875 0.026285807291666668
4 0.81494140625 0.2361111111111111 0.0303802490234375 0.023234049479166668
4 0.06817626953125 0.9366319444444444 0.03271484375 0.026082356770833332
4 0.34228515625 0.8689236111111112 0.0306243896484375 0.022976345486111112
4 0.304931640625 0.9861111111111112 0.033782958984375 0.023966471354166668
4 0.456298828125 0.1613498263888889 0.0313720703125 0.023152669270833332
4 0.78369140625 0.3237847222222222 0.0293121337890625 0.023328993055555556
4 0.9013671875 0.4112413194444444 0.034027099609375 0.024061414930555556
4 0.81591796875 0.7361111111111112 0.0325927734375 0.021931966145833332
4 0.218505859375 0.6145833333333334 0.03460693359375 0.021430121527777776
4 0.09808349609375 0.6158854166666666 0.03192138671875 0.019382052951388888
4 0.81982421875 0.8546006944444444 0.0321044921875 0.023328993055555556
4 0.94873046875 0.46875 0.0321044921875 0.022881401909722224
4 0.78076171875 0.2955729166666667 0.0301055908203125 0.023695203993055556
4 0.69775390625 0.8524305555555556 0.034881591796875 0.024332682291666668
4 0.94921875 0.7643229166666666 0.03277587890625 0.022623697916666668
4 0.1007080078125 0.9678819444444444 0.0323486328125 0.025689019097222224
4 0.7802734375 0.1486545138888889 0.03155517578125 0.023234049479166668
4 0.94873046875 0.23567708333333334 0.03289794921875 0.024156358506944444
4 0.81640625 0.1499565972222222 0.03277587890625 0.022800021701388888
4 0.425537109375 0.984375 0.03216552734375 0.023505316840277776
4 0.219970703125 0.8151041666666666 0.03759765625 0.025390625
4 0.89892578125 0.2348090277777778 0.03448486328125 0.022705078125
4 0.343505859375 0.9861111111111112 0.0311431884765625 0.026584201388888888
4 0.9052734375 0.3502604166666667 0.036346435546875 0.024997287326388888
4 0.06683349609375 0.9644097222222222 0.0330810546875 0.023505316840277776
4 0.087890625 0.16829427083333334 0.03338623046875 0.022976345486111112
4 0.17626953125 0.13758680555555555 0.0379638671875 0.026082356770833332
4 0.57763671875 0.8541666666666666 0.0313720703125 0.025200737847222224
4 0.1007080078125 0.9913194444444444 0.027008056640625 0.017062717013888888
4 0.95166015625 0.8541666666666666 0.0312042236328125 0.022271050347222224
4 0.337890625 0.1650390625 0.03021240234375 0.021931966145833332
4 0.220458984375 0.16395399305555555 0.036285400390625 0.027737087673611112
4 0.783203125 0.8515625 0.034881591796875 0.0218505859375
4 0.7802734375 0.2365451388888889 0.03436279296875 0.026082356770833332
4 0.336181640625 0.21690538194444445 0.028167724609375 0.022189670138888888
4 0.9013671875 0.1733940972222222 0.03125 0.0264892578125
4 0.105224609375 0.8763020833333334 0.033721923828125 0.025295681423611112
4 0.90283203125 0.7052951388888888 0.034423828125 0.021674262152777776
4 0.097412109375 0.7907986111111112 0.040008544921875 0.024712456597222224
4 0.1868896484375 0.8732638888888888 0.0360107421875 0.028944227430555556
4 0.77294921875 0.009650336371527778 0.015899658203125 0.018079969618055556
4 0.060760498046875 0.3743489583333333 0.03607177734375 0.024237738715277776
4 0.9052734375 0.1431206597222222 0.03173828125 0.023057725694444444
4 0.0537109375 0.6662326388888888 0.024383544921875 0.034586588541666664
4 0.57666015625 0.1281467013888889 0.029876708984375 0.025200737847222224
4 0.5380859375 0.1183810763888889 0.030914306640625 0.025689019097222224
4 0.2998046875 0.10584852430555555 0.029144287109375 0.026190863715277776
4 0.060211181640625 0.5260416666666666 0.03802490234375 0.027316623263888888
4 0.703125 0.014051649305555556 0.0147857666015625 0.026380750868055556
4 0.68310546875 0.011711968315972222 0.0139007568359375 0.0220947265625
4 0.904296875 0.8498263888888888 0.03759765625 0.025200737847222224
4 0.80810546875 0.6206597222222222 0.045440673828125 0.024237738715277776
4 0.736328125 0.010592990451388888 0.0165863037109375 0.020073784722222224
4 0.1363525390625 0.12358940972222222 0.03192138671875 0.036214192708333336
4 0.07904052734375 0.6493055555555556 0.0237274169921875 0.029839409722222224
4 0.85498046875 0.8250868055555556 0.0197601318359375 0.04774305555555555
4 0.80859375 0.007975260416666666 0.01495361328125 0.014838324652777778
4 0.333984375 0.1162109375 0.03155517578125 0.023776584201388888
4 0.75537109375 0.011671278211805556 0.0141754150390625 0.0220947265625
4 0.50634765625 0.4320746527777778 0.015838623046875 0.0556640625
4 0.93212890625 0.031141493055555556 0.03265380859375 0.025783962673611112
4 0.09771728515625 0.2269965277777778 0.0301513671875 0.027316623263888888
4 0.79248046875 0.0087890625 0.01467132568359375 0.016533745659722224
4 0.01934814453125 0.5638020833333334 0.02752685546875 0.04139539930555555
4 0.720703125 0.016153971354166668 0.015777587890625 0.029486762152777776
4 0.73193359375 0.3680555555555556 0.030731201171875 0.05674913194444445
4 0.50830078125 0.5963541666666666 0.01146697998046875 0.055989583333333336
4 0.7294921875 0.8515625 0.022674560546875 0.05588107638888889
4 0.9541015625 0.9470486111111112 0.035888671875 0.03662109375
4 0.66259765625 0.035725911458333336 0.0196380615234375 0.057074652777777776
4 0.377197265625 0.1615668402777778 0.0197601318359375 0.05360243055555555
4 0.10357666015625 0.6627604166666666 0.0240020751953125 0.034261067708333336
4 0.69775390625 0.1771918402777778 0.04083251953125 0.028374565972222224
4 0.49560546875 0.9123263888888888 0.0194244384765625 0.05064561631944445
4 0.44189453125 0.6566840277777778 0.07354736328125 0.1218532986111111
4 0.65576171875 0.1459418402777778 0.03802490234375 0.025783962673611112
4 0.65087890625 0.010884602864583334 0.020416259765625 0.019612630208333332