4 0.13000520833333334 0.12890740740740741 0.03198437499999998 0.04291666666666667
4 0.9052760416666668 0.849824074074074 0.0379635416666666 0.025388888888888957
4 0.021119791666666665 0.5598981481481482 0.030046874999999997 0.03629629629629634
4 0.3354479166666666 0.11664814814814815 0.032468749999999956 0.023055555555555562
4 0.8588854166666666 0.667537037037037 0.019942708333333316 0.04858333333333336
4 0.783203125 0.8511296296296297 0.03454687499999996 0.021351851851851802
4 0.9516614583333334 0.8546018518518519 0.03049999999999997 0.022009259259259242
4 0.5771510416666668 0.12890740740740741 0.029875000000000065 0.025787037037037046
4 0.09808333333333333 0.7907962962962962 0.039854166666666656 0.024712962962963013
4 0.0989375 0.28212037037037035 0.030333333333333337 0.023148148148148147
4 0.3728020833333333 0.1893425925925926 0.033140625000000055 0.05015740740740742
4 0.9321302083333334 0.031842592592592596 0.0323489583333334 0.025787037037037035
4 0.3010260416666667 0.1072037037037037 0.02908333333333329 0.024898148148148135
4 0.7338854166666666 0.7196203703703704 0.016343750000000056 0.052000000000000074
4 0.09967187500000001 0.22743518518518518 0.029249999999999984 0.025296296296296317
4 0.3083489583333333 0.9010462962962963 0.03114062499999998 0.023777777777777835
4 0.089296875 0.16916666666666666 0.03295833333333332 0.024240740740740747
4 0.2204583333333333 0.16482407407407407 0.03671354166666667 0.026287037037037025
4 0.09857291666666666 0.3773888888888889 0.030213541666666663 0.023333333333333376
4 0.7407239583333334 0.3517777777777778 0.03372395833333333 0.0463333333333333
4 0.9033229166666668 0.7057314814814816 0.03390624999999995 0.020861111111111087
4 0.9047864583333334 0.587675925925926 0.03265624999999991 0.022796296296296197
4 0.33886979166666664 0.16623148148148148 0.03143229166666662 0.022185185185185165
4 0.3439947916666667 0.9852407407407406 0.03114062499999998 0.026287037037036918
4 0.4645989583333333 0.8389722222222222 0.03228645833333334 0.022879629629629663
4 0.069640625 0.9357685185185186 0.03241145833333334 0.026194444444444517
4 0.4946302083333334 0.880638888888889 0.018124999999999978 0.04969444444444451
4 0.4260260416666667 0.9835092592592594 0.032468749999999956 0.02369444444444458
4 0.3051770833333334 0.9861111111111112 0.03384375000000001 0.024518518518518537
4 0.1015625 0.9661481481481482 0.03192187500000001 0.024620370370370504
4 0.21667708333333333 0.6145833333333334 0.03015104166666666 0.021027777777777812
4 0.8198229166666666 0.8546018518518519 0.032895833333333256 0.022703703703703688
4 0.94921875 0.7643240740740741 0.03283854166666676 0.02297222222222217
4 0.81640625 0.7365462962962963 0.032468750000000074 0.021675925925926
4 0.9052760416666668 0.5308148148148147 0.031203124999999925 0.023148148148148147
4 0.2243645833333333 0.90625 0.030671874999999994 0.02262037037037043
4 0.5385729166666666 0.11968518518518517 0.03114062499999998 0.02471296296296296
4 0.061765625000000005 0.3756481481481481 0.03515625 0.023509259259259247
4 0.34277604166666664 0.8684907407407407 0.031203125000000043 0.023231481481481405
4 0.427 0.9548611111111112 0.03234895833333328 0.02433333333333341
4 0.7788072916666666 0.792537037037037 0.03192187499999998 0.02297222222222217
4 0.3061510416666666 0.9296851851851852 0.03347916666666665 0.023870370370370344
4 0.9848645833333334 0.8294259259259259 0.026151041666666687 0.05462962962962963
4 0.09466666666666666 0.4652777777777778 0.03488020833333335 0.023055555555555586
4 0.095703125 0.19672222222222224 0.030671874999999994 0.022351851851851838
4 0.22265625 0.9861111111111112 0.028593749999999987 0.023962962962963064
4 0.9482447916666668 0.4691851851851852 0.03125 0.022351851851851894
4 0.17736979166666667 0.1380185185185185 0.03775000000000001 0.024898148148148135
4 0.6982447916666668 0.8524351851851851 0.03408854166666657 0.023870370370370344
4 0.9497083333333334 0.43728703703703703 0.0323489583333334 0.022268518518518476
4 0.341796875 0.956601851851852 0.027848958333333347 0.022879629629629663
4 0.22558854166666667 0.9592037037037038 0.033203125 0.0246203703703704
4 0.9047864583333334 0.35048148148148145 0.037046875000000055 0.0246203703703704
4 0.9052760416666668 0.1429074074074074 0.031083333333333248 0.023509259259259247
4 0.33715625 0.2172314814814815 0.02964583333333337 0.021509259259259277
4 0.22472916666666667 0.9322962962962963 0.031369791666666674 0.02369444444444437
4 0.18518229166666667 0.9322962962962963 0.03469791666666667 0.024333333333333308
4 0.9467760416666666 0.35221296296296295 0.03265624999999991 0.022527777777777817
4 0.7788072916666666 0.7374166666666666 0.033083333333333326 0.02175925925925926
4 0.9028333333333334 0.411462962962963 0.032468750000000074 0.02377777777777773
4 0.6630885416666668 0.8541666666666666 0.03010416666666676 0.022444444444444454
4 0.09753645833333334 0.4338148148148148 0.033322916666666674 0.022620370370370325
4 0.5063489583333334 0.4327222222222222 0.015671874999999957 0.05610185185185188
4 0.22216666666666668 0.755638888888889 0.03289583333333332 0.023777777777777835
4 0.10266145833333334 0.9079907407407407 0.03656249999999999 0.02480555555555552
4 0.8984375 0.47005555555555556 0.033203125 0.02030555555555551
4 0.2213125 0.7026944444444444 0.0366197916666667 0.024518518518518537
4 0.21753125 0.55425 0.03198437499999998 0.022879629629629663
4 0.4282239583333334 0.8993055555555556 0.03210416666666672 0.024712962962963013
4 0.10595833333333333 0.8758703703703704 0.03295833333333332 0.025296296296296237
4 0.22644270833333333 0.8467870370370371 0.030729166666666665 0.02252777777777771
4 0.06793229166666667 0.9644074074074074 0.03308333333333333 0.023055555555555638
4 0.22180208333333334 0.2536851851851852 0.03347916666666665 0.026694444444444482
4 0.421140625 0.16156481481481483 0.034421874999999956 0.02529629629629629
4 0.7817395833333334 0.5902777777777778 0.03049999999999997 0.020222222222222145
4 0.22082291666666667 0.8146666666666667 0.037687500000000006 0.025092592592592507
4 0.666015625 0.01250925925925926 0.014177083333333229 0.02360185185185185
4 0.7802760416666668 0.1490925925925926 0.03265624999999991 0.023407407407407436
4 0.3029791666666667 0.8146666666666667 0.030729166666666665 0.02142592592592602
4 0.18347395833333333 0.37348148148148147 0.03155729166666668 0.022444444444444454
4 0.18738020833333333 0.8710925925925925 0.03622395833333331 0.032037037037036954
4 0.7802760416666668 0.17838888888888887 0.03004687500000003 0.024240740740740747
4 0.7553697916666666 0.012037037037037037 0.014333333333333325 0.023148148148148147
4 0.184328125 0.730037037037037 0.03216666666666666 0.023407407407407384
4 0.18664583333333334 0.644962962962963 0.031369791666666674 0.021935185185185235
4 0.9008802083333334 0.266712962962963 0.03295833333333344 0.022092592592592605
4 0.05499479166666667 0.6653611111111112 0.02595312499999999 0.03341666666666659
4 0.736328125 0.010833333333333332 0.01583854166666659 0.020537037037037038
4 0.2204583333333333 0.22396296296296295 0.03289583333333332 0.022444444444444454
4 0.21753125 0.34526851851851853 0.029921875000000025 0.02442592592592592
4 0.4565416666666666 0.18771296296296294 0.0288697916666667 0.02369444444444442
4 0.06268229166666667 0.525611111111111 0.03823958333333334 0.027203703703703806
4 0.18005208333333333 0.22265740740740741 0.0327135416666667 0.023055555555555534
4 0.68359375 0.01199074074074074 0.013374999999999915 0.02333333333333333
4 0.5405260416666666 0.17133333333333334 0.03234895833333334 0.023509259259259247
4 0.3005364583333333 0.2545555555555556 0.03372395833333333 0.023231481481481513
4 0.6635729166666666 0.8233518518518519 0.030958333333333362 0.024518518518518537
4 0.7817395833333334 0.5329907407407407 0.03143229166666662 0.0220925925925925
4 0.106875 0.5221388888888888 0.032041666666666656 0.023870370370370344
4 0.7797864583333334 0.4101574074074074 0.03167708333333342 0.02110185185185182
4 0.9467760416666666 0.32270370370370366 0.03277604166666658 0.023148148148148147
4 0.182859375 0.3441851851851852 0.03253125000000002 0.022351851851851838
4 0.7036145833333334 0.01427777777777778 0.015015624999999961 0.027314814814814816
4 0.18786458333333333 0.9045185185185185 0.030916666666666672 0.023055555555555638
4 0.9458020833333334 0.20757407407407408 0.033140625000000055 0.025092592592592614
4 0.2915052083333334 0.39735185185185184 0.031557291666666626 0.02094444444444445
4 0.17468229166666666 0.20160185185185184 0.037901041666666656 0.024064814814814824
4 0.81640625 0.15017592592592593 0.0323489583333334 0.023333333333333324
4 0.699578125 0.7306574074074074 0.03143229166666662 0.024898148148148242
4 0.10192708333333332 0.9910833333333332 0.02685416666666667 0.017833333333333534
4 0.544921875 0.7964444444444444 0.03216666666666672 0.024712962962963013
4 0.21789583333333334 0.5212685185185185 0.032656250000000026 0.023962962962963064
4 0.067078125 0.6180555555555556 0.03448437499999999 0.022268518518518476
4 0.7797864583333334 0.4678796296296296 0.0323489583333334 0.021759259259259207
4 0.8188489583333334 0.4385833333333333 0.03338541666666662 0.023055555555555534
4 0.947265625 0.2910185185185185 0.03353645833333327 0.022879629629629663
4 0.18640104166666666 0.6731759259259259 0.03185937499999998 0.02262037037037043
4 0.80859375 0.008351851851851852 0.015078124999999906 0.015370370370370371
4 0.18347395833333333 0.2575925925925926 0.03210416666666666 0.024898148148148135
4 0.3083489583333333 0.7265648148148148 0.029921875000000025 0.023962962962963064
4 0.8149427083333334 0.23654629629629628 0.030562499999999916 0.022972222222222224
4 0.22174479166666666 0.28690740740740744 0.03775000000000001 0.024898148148148135
4 0.22058333333333333 0.286212962962963 0.03775000000000001 0.024898148148148135
4 0.18469270833333334 0.29512962962962963 0.03775000000000001 0.024898148148148135
4 0.18353645833333332 0.42892592592592593 0.03775000000000001 0.024898148148148135
4 0.21864583333333334 0.31569444444444444 0.03775000000000001 0.024898148148148135
4 0.17658333333333334 0.16678703703703704 0.03775000000000001 0.024898148148148135
4 0.2248177083333333 0.4268425925925926 0.03775000000000001 0.024898148148148135
4 0.219796875 0.45496296296296296 0.03775000000000001 0.024898148148148135
4 0.185453125 0.4913240740740741 0.03775000000000001 0.024898148148148242
4 0.30237499999999995 0.33967592592592594 0.03775000000000001 0.024898148148148135
4 0.34675 0.3417222222222222 0.03775000000000001 0.024898148148148135
4 0.336328125 0.4041574074074074 0.03775000000000001 0.024898148148148135
4 0.2988958333333333 0.31013888888888885 0.03775000000000001 0.024898148148148135
4 0.305453125 0.4260925925925926 0.03775000000000001 0.024898148148148135
4 0.29966145833333335 0.459712962962963 0.03775000000000001 0.024898148148148135
4 0.345578125 0.48783333333333334 0.03775000000000001 0.024898148148148242
4 0.33207291666666666 0.4528333333333333 0.03775000000000001 0.024898148148148135
4 0.30389583333333337 0.5331111111111111 0.03775000000000001 0.024898148148148242
4 0.29888020833333334 0.48987037037037034 0.03775000000000001 0.024898148148148242
4 0.344796875 0.5166203703703705 0.03775000000000001 0.024898148148148242
4 0.3474947916666667 0.542 0.03775000000000001 0.024898148148148242
4 0.34325 0.31762037037037033 0.03775000000000001 0.024898148148148135
4 0.3397760416666667 0.2839907407407407 0.03775000000000001 0.024898148148148135
4 0.33784375 0.24761111111111112 0.03775000000000001 0.024898148148148135
4 0.3428541666666666 0.609212962962963 0.03775000000000001 0.024898148148148242
4 0.34092187500000004 0.6442037037037037 0.03775000000000001 0.024898148148148242
4 0.45861979166666667 0.6380185185185184 0.03775000000000001 0.024898148148148242
4 0.46671875 0.7265277777777778 0.03775000000000001 0.024898148148148242
4 0.42542708333333334 0.724462962962963 0.03775000000000001 0.024898148148148242
4 0.4636302083333333 0.7018055555555556 0.03775000000000001 0.024898148148148242
4 0.5720624999999999 0.7381666666666666 0.03775000000000001 0.024898148148148242
4 0.5778489583333334 0.7923703703703704 0.03775000000000001 0.024898148148148242
4 0.5828645833333332 0.7587314814814814 0.03775000000000001 0.024898148148148242
4 0.5809322916666667 0.7058888888888889 0.03775000000000001 0.024898148148148242
4 0.5419531249999999 0.8191018518518518 0.03775000000000001 0.024898148148148242
4 0.5809270833333334 0.8211574074074074 0.03775000000000001 0.024898148148148242
4 0.5805364583333333 0.8602592592592593 0.03775000000000001 0.024898148148148242
4 0.6936041666666667 0.6756666666666666 0.03775000000000001 0.024898148148148242
4 0.69553125 0.79025 0.03775000000000001 0.024898148148148242
4 0.5423281249999999 0.645462962962963 0.03775000000000001 0.024898148148148242
4 0.578984375 0.5926203703703703 0.03775000000000001 0.024898148148148242
4 0.5793697916666667 0.5727129629629629 0.03775000000000001 0.024898148148148242
4 0.540390625 0.5871111111111111 0.03775000000000001 0.024898148148148242
4 0.57859375 0.6701296296296296 0.03775000000000001 0.024898148148148242
4 0.5797447916666666 0.6488518518518518 0.03775000000000001 0.024898148148148242
4 0.6611666666666667 0.6536481481481482 0.03775000000000001 0.024898148148148242
4 0.66078125 0.6749074074074074 0.03775000000000001 0.024898148148148242
4 0.660390625 0.7181296296296297 0.03775000000000001 0.024898148148148242
4 0.42615625 0.21987962962962962 0.034421874999999956 0.02529629629629629
4 0.42576562500000004 0.24662962962962964 0.034421874999999956 0.025296296296296317
4 0.4207447916666667 0.30906481481481485 0.034421874999999956 0.02529629629629634
4 0.42113020833333337 0.27132407407407405 0.034421874999999956 0.02529629629629634
4 0.4554739583333333 0.1608425925925926 0.034421874999999956 0.02529629629629629
4 0.458171875 0.21778703703703706 0.034421874999999956 0.02529629629629629
4 0.5442239583333334 0.2088611111111111 0.03442187500000002 0.02529629629629629
4 0.46279687500000005 0.24659259259259259 0.034421874999999956 0.022555555555555568
4 0.4554635416666667 0.27608333333333335 0.034421874999999956 0.02529629629629634
4 0.5415156250000001 0.23971296296296296 0.03442187500000002 0.025296296296296317
4 0.572 0.23901851851851852 0.034421875000000074 0.025296296296296317
4 0.5654375 0.2698888888888889 0.034421875000000074 0.02529629629629634
4 0.5766249999999999 0.29938888888888887 0.034421875000000074 0.02529629629629634
4 0.5399635416666667 0.2973148148148148 0.03442187500000002 0.02529629629629634
4 0.585109375 0.3323055555555555 0.034421875000000074 0.014314814814814848
4 0.5422708333333334 0.32749074074074075 0.03442187500000002 0.02529629629629634
4 0.45776041666666667 0.3048425925925926 0.034421874999999956 0.02529629629629634
4 0.5785416666666666 0.41805555555555557 0.034421875000000074 0.02529629629629634
4 0.5480520833333333 0.4242222222222222 0.03442187500000002 0.02529629629629634
4 0.5430364583333334 0.4468518518518519 0.03442187500000002 0.02529629629629634
4 0.5766041666666666 0.4489074074074074 0.034421875000000074 0.02529629629629634
4 0.6634270833333333 0.5662314814814815 0.034421875000000074 0.025296296296296237
4 0.6630416666666666 0.5929814814814814 0.034421875000000074 0.025296296296296237
4 0.6695989583333334 0.6293425925925926 0.034421875000000074 0.025296296296296237
4 0.6638072916666666 0.5312129629629629 0.034421875000000074 0.025296296296296237
4 0.7035520833333333 0.5620833333333333 0.034421875000000074 0.025296296296296237
4 0.69853125 0.47355555555555556 0.034421875000000074 0.02529629629629634
4 0.80928125 0.616962962962963 0.034421875000000074 0.025296296296296237
4 0.4550572916666667 0.3315925925925926 0.034421874999999956 0.02529629629629634
4 0.45852604166666666 0.4420648148148148 0.034421874999999956 0.02529629629629634
4 0.42032291666666666 0.5511574074074074 0.034421874999999956 0.025296296296296237
4 0.420703125 0.3926388888888889 0.034421874999999956 0.02529629629629634
4 0.42108854166666665 0.42076851851851854 0.034421874999999956 0.02529629629629634
4 0.4222447916666667 0.47085185185185185 0.034421874999999956 0.02529629629629629
4 0.46353125 0.5168148148148148 0.034421874999999956 0.025296296296296237
4 0.4654583333333333 0.4776944444444444 0.034421874999999956 0.02529629629629629
4 0.5391614583333334 0.4728796296296296 0.03442187500000002 0.02529629629629634
4 0.46238541666666666 0.388537037037037 0.034421874999999956 0.02529629629629634
4 0.460453125 0.42214814814814816 0.034421874999999956 0.02529629629629634
4 0.420703125 0.5058518518518519 0.034421874999999956 0.05411111111111116
4 0.462765625 0.35214814814814815 0.034421874999999956 0.02529629629629634
4 0.4222447916666667 0.3638055555555556 0.034421874999999956 0.02529629629629634
4 0.424171875 0.3480092592592593 0.034421874999999956 0.02529629629629634
4 0.7906927083333334 0.1969074074074074 0.03004687500000003 0.024240740740740747
4 0.7849010416666666 0.325212962962963 0.03004687500000003 0.024240740740740695
4 0.7837395833333333 0.2929537037037037 0.03004687500000003 0.024240740740740695
4 0.7787239583333334 0.35812962962962963 0.03004687500000003 0.024240740740740695
4 0.814609375 0.3011759259259259 0.03004687500000003 0.024240740740740695
4 0.7740885416666666 0.23460185185185187 0.03004687500000003 0.024240740740740722
4 0.7821874999999999 0.25999074074074074 0.03004687500000003 0.024240740740740695
4 0.8219322916666666 0.32653703703703707 0.03004687500000003 0.024240740740740695
4 0.6647447916666667 0.37798148148148153 0.029875000000000065 0.02578703703703706
4 0.6620416666666666 0.44315740740740744 0.029875000000000065 0.02578703703703706
4 0.6963854166666666 0.42050925925925925 0.029875000000000065 0.02578703703703706
4 0.6643541666666667 0.4705925925925926 0.029875000000000065 0.025787037037037004
4 0.664734375 0.41087962962962965 0.029875000000000065 0.02578703703703706
4 0.655859375 0.2990277777777778 0.029875000000000065 0.02578703703703706
4 0.657015625 0.34911111111111115 0.029875000000000065 0.02578703703703706
4 0.6990729166666667 0.323712962962963 0.029875000000000065 0.02578703703703706
4 0.6963697916666667 0.3243888888888889 0.029875000000000065 0.02578703703703706
4 0.655078125 0.2660648148148148 0.029875000000000065 0.02578703703703706
4 0.6585468750000001 0.2187037037037037 0.029875000000000065 0.02578703703703706
4 0.69675 0.18233333333333332 0.029875000000000065 0.02578703703703706
4 0.6901875000000001 0.26260185185185186 0.029875000000000065 0.02578703703703706
4 0.6967447916666667 0.3771851851851852 0.029875000000000065 0.02578703703703706
4 0.6955833333333333 0.2955277777777778 0.029875000000000065 0.02578703703703706
4 0.6967395833333333 0.24130555555555558 0.029875000000000065 0.02578703703703706
4 0.6932604166666666 0.21179629629629632 0.029875000000000065 0.02578703703703706
4 0.8225364583333333 0.5651666666666667 0.029875000000000065 0.025787037037036952
4 0.8159739583333334 0.47252777777777777 0.029875000000000065 0.02578703703703706
4 0.428421875 0.6465277777777778 0.034421874999999956 0.025296296296296237
4 0.42185937500000004 0.6128981481481481 0.034421874999999956 0.025296296296296237
4 0.42378645833333334 0.6986574074074073 0.034421874999999956 0.025296296296296237
4 0.46198958333333334 0.6252314814814814 0.034421874999999956 0.025296296296296237
4 0.3442864583333333 0.7356944444444444 0.034421874999999956 0.025296296296296237
4 0.34698958333333335 0.6705 0.034421874999999956 0.025296296296296237
4 0.30878125 0.6739259259259259 0.034421874999999956 0.025296296296296237
4 0.3029895833333333 0.616962962962963 0.034421874999999956 0.025296296296296237
4 0.4608177083333333 0.8097685185185185 0.034421874999999956 0.025296296296296237
4 0.42415625 0.8131944444444444 0.034421874999999956 0.025296296296296237
4 0.5395364583333334 0.5421481481481482 0.03442187500000002 0.025296296296296237
4 0.5777395833333333 0.5387129629629629 0.034421875000000074 0.025296296296296237
4 0.7008385416666666 0.6285925925925926 0.034421875000000074 0.025296296296296237
3 0.950265625 0.5302129629629629 0.03768229166666662 0.035398148148148165
4 0.56615625 0.8104166666666667 0.034421875000000074 0.025296296296296237
3 0.9491041666666666 0.556962962962963 0.03768229166666662 0.035398148148148165
3 0.8923749999999999 0.6139074074074073 0.03768229166666662 0.035398148148148165
3 0.9008906250000001 0.5720462962962962 0.03768229166666662 0.035398148148148165
3 0.8954895833333333 0.6852592592592593 0.03768229166666662 0.035398148148148165
3 0.898578125 0.6475092592592592 0.03768229166666662 0.035398148148148165
3 0.9502864583333334 0.6111296296296296 0.03768229166666662 0.035398148148148165
3 0.951828125 0.5898518518518518 0.03768229166666662 0.035398148148148165
3 0.9526041666666667 0.6413055555555556 0.03768229166666662 0.035398148148148165
3 0.949515625 0.7256944444444444 0.03768229166666662 0.043629629629629525
3 0.951828125 0.6687407407407407 0.03768229166666662 0.027731481481481524
3 0.9541458333333334 0.6982314814814815 0.03768229166666662 0.035398148148148165
3 0.9032083333333334 0.7332222222222222 0.03768229166666662 0.035398148148148165
3 0.9510572916666666 0.7983981481481481 0.03768229166666662 0.035398148148148165
3 0.9564635416666667 0.8237777777777777 0.03768229166666662 0.035398148148148165
3 0.8993489583333333 0.7627037037037038 0.03768229166666662 0.035398148148148165
3 0.898578125 0.7853425925925925 0.03768229166666662 0.035398148148148165
3 0.9078385416666667 0.8189537037037037 0.03768229166666662 0.035398148148148165
3 0.8186666666666667 0.5912592592592593 0.03768229166666662 0.035398148148148165
3 0.816734375 0.6482037037037036 0.03768229166666662 0.035398148148148165
3 0.81403125 0.6790648148148148 0.03768229166666662 0.035398148148148165
3 0.8182760416666667 0.7634537037037037 0.03768229166666662 0.035398148148148165
3 0.81634375 0.7956944444444445 0.03768229166666662 0.035398148148148165
3 0.8182708333333333 0.8306851851851852 0.03768229166666662 0.035398148148148165
3 0.7808333333333334 0.7613703703703704 0.03768229166666662 0.035398148148148165
3 0.779671875 0.8251759259259259 0.03768229166666662 0.035398148148148165
3 0.7754270833333333 0.7105833333333332 0.03768229166666662 0.035398148148148165
3 0.8159427083333333 0.7057685185185185 0.03768229166666662 0.035398148148148165
3 0.7738802083333333 0.679 0.03768229166666662 0.035398148148148165
3 0.7711718750000001 0.6398796296296296 0.03768229166666662 0.035398148148148165
3 0.7005520833333333 0.5897777777777778 0.03768229166666662 0.035398148148148165
3 0.70325 0.7126018518518519 0.03768229166666662 0.035398148148148165
3 0.7059479166666667 0.8258055555555556 0.03768229166666662 0.035398148148148165
3 0.6623385416666667 0.7647314814814814 0.03768229166666662 0.035398148148148165
3 0.6658072916666666 0.7983425925925927 0.03768229166666662 0.035398148148148165
3 0.4184427083333333 0.7482407407407408 0.03768229166666662 0.035398148148148165
3 0.42114583333333333 0.7804814814814814 0.03768229166666662 0.035398148148148165
3 0.42307291666666663 0.8456574074074074 0.03768229166666662 0.035398148148148165
3 0.3431875 0.8147777777777778 0.03768229166666662 0.029907407407407365
3 0.45239583333333333 0.836037037037037 0.03768229166666662 0.035398148148148165
3 0.4628125 0.8545555555555555 0.03768229166666662 0.035398148148148165
3 0.3435729166666667 0.8401574074074074 0.03768229166666662 0.029907407407407365
3 0.34472395833333336 0.8998425925925926 0.03768229166666662 0.029907407407407365
3 0.34819791666666666 0.9252314814814815 0.03768229166666662 0.029907407407407365
3 0.31076041666666665 0.8737592592592592 0.03768229166666662 0.029907407407407365
3 0.34587500000000004 0.7824907407407408 0.03768229166666662 0.029907407407407365
3 0.306125 0.7831666666666667 0.03768229166666662 0.030472222222222296
3 0.227015625 0.7865925925925926 0.03768229166666668 0.030472222222222296
3 0.18803645833333332 0.8421666666666666 0.03768229166666668 0.030472222222222296
3 0.18765104166666668 0.8140277777777778 0.03768229166666668 0.030472222222222296
3 0.18648958333333335 0.7817685185185185 0.03768229166666668 0.030472222222222296
3 0.19150520833333334 0.9581018518518518 0.03768229166666668 0.030472222222222192
3 0.22739062499999999 0.8791851851851852 0.03768229166666668 0.030472222222222296
3 0.22391145833333334 0.7378240740740741 0.03768229166666668 0.03951851851851858
3 0.2999322916666667 0.9162222222222222 0.03768229166666662 0.030472222222222296