4 0.17724479166666668 0.13780555555555557 0.03738541666666665 0.025388888888888905
4 0.17736979166666667 0.16742592592592592 0.03732291666666665 0.025685185185185193
4 0.3005364583333333 0.1072037037037037 0.02964583333333337 0.025685185185185193
4 0.133421875 0.1216388888888889 0.03015104166666666 0.04511111111111112
4 0.22082291666666667 0.16503703703703704 0.035734375000000006 0.02637962962962964
4 0.45605729166666664 0.1618888888888889 0.030854166666666672 0.022527777777777765
4 0.08898958333333334 0.16949074074074075 0.03289583333333332 0.024333333333333308
4 0.2204583333333333 0.22396296296296295 0.033140625 0.023148148148148147
4 0.5395520833333334 0.17133333333333334 0.033140625000000055 0.022972222222222224
4 0.1744375 0.2008425925925926 0.037687500000000006 0.024898148148148135
4 0.9306666666666668 0.03241666666666666 0.033140625000000055 0.025
4 0.8159166666666666 0.1510462962962963 0.032468750000000074 0.022620370370370377
4 0.095703125 0.19672222222222224 0.030380208333333325 0.022527777777777765
4 0.3002916666666666 0.25499074074074074 0.034421874999999956 0.02360185185185186
4 0.456296875 0.18837037037037035 0.029921875000000025 0.023407407407407384
4 0.222046875 0.2536851851851852 0.03423958333333334 0.02742592592592593
4 0.6943385416666668 0.1496296296296296 0.028703125000000065 0.02287962962962961
4 0.576171875 0.12955555555555553 0.029875000000000065 0.02558333333333333
4 0.947265625 0.23806481481481484 0.032895833333333256 0.02262037037037035
4 0.09875520833333334 0.37695370370370374 0.029416666666666678 0.02297222222222217
4 0.9047864583333334 0.1438796296296296 0.030562499999999916 0.022185185185185165
4 0.09771875000000001 0.43315740740740744 0.033265625 0.023148148148148147
4 0.7802760416666668 0.14941666666666667 0.03044270833333324 0.022268518518518528
4 0.09857291666666666 0.2816851851851852 0.030046874999999997 0.023694444444444473
4 0.337890625 0.16655555555555554 0.031203125000000043 0.022351851851851838
4 0.9467760416666666 0.7647592592592594 0.032411458333333344 0.021509259259259277
4 0.4204114583333334 0.1618888888888889 0.034182291666666725 0.025203703703703676
4 0.8139635416666666 0.1808796296296296 0.03179687500000009 0.022185185185185165
4 0.9467760416666666 0.26410185185185187 0.033140625000000055 0.021935185185185235
4 0.33691666666666664 0.2816851851851852 0.031796874999999974 0.022703703703703688
4 0.5380885416666668 0.11968518518518517 0.03114062499999998 0.025685185185185193
4 0.8994166666666668 0.20366666666666666 0.032229166666666725 0.022972222222222224
4 0.18273958333333334 0.25781481481481483 0.03210416666666666 0.02480555555555552
4 0.22033854166666667 0.42838888888888893 0.03015104166666666 0.022703703703703688
4 0.2224114583333333 0.7026944444444444 0.03533854166666668 0.02360185185185186
4 0.21838541666666667 0.28624074074074074 0.031203124999999984 0.024064814814814824
4 0.7797864583333334 0.1796851851851852 0.03049999999999997 0.024157407407407384
4 0.33496354166666664 0.1168611111111111 0.03173958333333336 0.023148148148148136
4 0.9448229166666666 0.20757407407407408 0.033322916666666674 0.02471296296296296
4 0.30176041666666664 0.3120648148148148 0.032468749999999956 0.024157407407407436
4 0.09857291666666666 0.22764814814814816 0.030213541666666663 0.025
4 0.9482447916666668 0.43728703703703703 0.03228645833333322 0.021509259259259277
4 0.5419947916666668 0.2086574074074074 0.029416666666666678 0.021935185185185183
4 0.3356927083333333 0.2517407407407407 0.033140625000000055 0.025092592592592614
4 0.18640104166666666 0.644962962962963 0.031614583333333356 0.021675925925926
4 0.8154322916666668 0.7365462962962963 0.03265624999999991 0.021185185185185286
4 0.8989270833333334 0.23567592592592593 0.033140625000000055 0.022620370370370377
4 0.9038072916666666 0.5308148148148147 0.03021354166666678 0.022796296296296197
4 0.9458020833333334 0.2916666666666667 0.03271354166666664 0.022268518518518476
4 0.06890625 0.9357685185185185 0.03253125 0.025879629629629673
4 0.7797864583333334 0.26823148148148146 0.03021354166666678 0.02094444444444445
4 0.278078125 0.39951851851851855 0.03131249999999997 0.019611111111111065
4 0.90234375 0.411462962962963 0.03384375000000001 0.024064814814814824
4 0.21728645833333332 0.31510185185185186 0.03015104166666666 0.022444444444444454
4 0.8120104166666666 0.21007407407407408 0.031984374999999926 0.022268518518518528
4 0.9453125 0.32270370370370366 0.032041666666666656 0.023148148148148147
4 0.094484375 0.4644074074074074 0.03494270833333332 0.022185185185185165
4 0.21753125 0.5212685185185185 0.03210416666666666 0.023870370370370344
4 0.7778333333333334 0.7369814814814816 0.033322916666666674 0.021592592592592535
4 0.6567395833333334 0.1815277777777778 0.031984374999999926 0.025388888888888905
4 0.224 0.9053796296296296 0.031020833333333366 0.022879629629629663
4 0.18261979166666667 0.3443981481481481 0.033265625 0.022092592592592605
4 0.18200520833333333 0.4309907407407408 0.03430208333333334 0.022703703703703688
4 0.18359375 0.7296018518518519 0.03222916666666666 0.023962962962963064
4 0.8979479166666666 0.4704907407407407 0.03125 0.02045370370370368
4 0.8994166666666668 0.26714814814814813 0.03179687500000009 0.021851851851851872
4 0.7797864583333334 0.23785185185185184 0.03277604166666658 0.025
4 0.06118749999999999 0.37521296296296297 0.03506249999999999 0.02360185185185186
4 0.947265625 0.46875 0.030854166666666554 0.023777777777777783
4 0.7778333333333334 0.7921018518518519 0.03185937500000004 0.023148148148148147
4 0.8154322916666668 0.4379351851851852 0.03179687500000009 0.023055555555555534
4 0.33715625 0.21744444444444444 0.029874999999999947 0.021268518518518492
4 0.3420416666666667 0.8684907407407407 0.029874999999999947 0.02262037037037043
4 0.3024895833333333 0.8142407407407407 0.031203125000000043 0.021851851851851768
4 0.9018541666666666 0.588111111111111 0.029541666666666563 0.021509259259259277
4 0.7260729166666666 0.3565555555555555 0.03533854166666662 0.03518518518518519
4 0.3376458333333333 0.613712962962963 0.0288697916666667 0.02175925925925926
4 0.10760416666666667 0.5217037037037038 0.02908333333333332 0.024157407407407332
4 0.90234375 0.7057314814814816 0.034421875000000074 0.021185185185185286
4 0.9506822916666666 0.8537314814814815 0.031083333333333248 0.022185185185185217
4 0.22021354166666668 0.8146666666666667 0.037473958333333356 0.025685185185185193
4 0.014114583333333335 0.5607685185185185 0.028104166666666663 0.028620370370370445
4 0.42676041666666664 0.8984351851851852 0.03125 0.0242407407407408
4 0.33715625 0.40017592592592593 0.030671875000000053 0.021675925925925897
4 0.33691666666666664 0.3107685185185185 0.030333333333333337 0.021675925925925897
4 0.21630729166666668 0.5538240740740741 0.031796874999999974 0.022009259259259242
4 0.8193385416666668 0.8546018518518519 0.03173958333333336 0.023055555555555638
4 0.06210416666666666 0.5247407407407407 0.04009895833333332 0.026805555555555596
4 0.225953125 0.8467870370370371 0.030213541666666663 0.022703703703703688
4 0.3413072916666666 0.956601851851852 0.02801562499999998 0.024157407407407436
4 0.09753645833333334 0.7903611111111112 0.03927604166666668 0.024064814814814824
4 0.4221197916666667 0.24544444444444444 0.029203124999999965 0.023407407407407384
4 0.307375 0.9010462962962963 0.031369791666666674 0.02369444444444437
4 0.10144270833333334 0.9652777777777778 0.031369791666666674 0.024518518518518537
4 0.9038072916666666 0.849824074074074 0.037109375 0.024620370370370296
4 0.9462916666666668 0.3524351851851852 0.03143229166666662 0.022620370370370325
4 0.814453125 0.29600925925925925 0.030562499999999916 0.022703703703703688
4 0.182859375 0.3732685185185185 0.032041666666666656 0.022351851851851838
4 0.45971875 0.8072962962962963 0.02954166666666668 0.024333333333333308
4 0.22180208333333334 0.755638888888889 0.03228645833333334 0.023407407407407384
4 0.9013697916666668 0.17285185185185187 0.029249999999999925 0.024898148148148135
4 0.18738020833333333 0.9045185185185185 0.03155729166666668 0.023231481481481405
4 0.224609375 0.931425925925926 0.031369791666666674 0.02350925925925935
4 0.305421875 0.9288240740740741 0.033083333333333326 0.023777777777777835
4 0.6977552083333334 0.7343796296296297 0.031369791666666674 0.02252777777777771
4 0.814453125 0.32487037037037036 0.03259374999999996 0.02297222222222217
4 0.345703125 0.7261296296296297 0.02833333333333338 0.023407407407407384
4 0.8139635416666666 0.23719444444444446 0.030729166666666665 0.02262037037037035
4 0.7788072916666666 0.41059259259259256 0.03192187499999998 0.021675925925925897
4 0.4252916666666666 0.9548611111111112 0.03149479166666668 0.02333333333333327
4 0.2170416666666667 0.34526851851851853 0.030276041666666663 0.02396296296296296
4 0.104125 0.9079907407407407 0.03185937500000001 0.024333333333333308
4 0.1853020833333333 0.9331574074074074 0.03540104166666668 0.024518518518518537
4 0.8671875 0.49175 0.016526041666666675 0.04942592592592598
4 0.340578125 0.6714444444444444 0.030729166666666665 0.020305555555555615
4 0.21667708333333333 0.6141481481481481 0.030442708333333356 0.021027777777777812
4 0.6967760416666666 0.852 0.034364583333333344 0.025
4 0.6611354166666668 0.8537314814814815 0.03143229166666662 0.02297222222222217
4 0.3732916666666667 0.1893425925925926 0.03366145833333339 0.04676851851851851
4 0.3383802083333334 0.4895833333333333 0.03004687500000003 0.021592592592592535
4 0.779296875 0.4683148148148148 0.03185937500000004 0.022185185185185217
4 0.658203125 0.2981759259259259 0.0343020833333334 0.024064814814814824
4 0.338625 0.3385462962962963 0.030729166666666665 0.02094444444444445
4 0.46386979166666664 0.8389722222222222 0.032041666666666656 0.022796296296296197
4 0.3024895833333333 0.34114814814814814 0.030729166666666665 0.022268518518518476
4 0.7802760416666668 0.5907129629629629 0.03149479166666656 0.021851851851851768
4 0.8188489583333334 0.4709166666666666 0.033203125 0.023148148148148095
4 0.8168958333333334 0.5299444444444444 0.03143229166666662 0.022351851851851946
4 0.33984375 0.6441018518518519 0.0288697916666667 0.021027777777777812
4 0.7827135416666666 0.8511296296296297 0.035276041666666674 0.02175925925925926
4 0.7783229166666668 0.3535185185185185 0.03010416666666676 0.021509259259259277
4 0.21716145833333333 0.4587685185185185 0.02801562499999998 0.021675925925925897
4 0.10558854166666666 0.875 0.032958333333333346 0.025787037037036952
4 0.305421875 0.9852407407407406 0.03515625 0.025481481481481466
4 0.6625989583333334 0.8233518518518519 0.031203124999999925 0.024157407407407332
4 0.186890625 0.8719629629629629 0.03628645833333331 0.03125
4 0.6655260416666666 0.012611111111111113 0.014786458333333268 0.023055555555555555
4 0.7807604166666666 0.5325555555555556 0.032411458333333344 0.022703703703703688
4 0.182984375 0.4900185185185185 0.03372395833333333 0.0220925925925925
4 0.3439947916666667 0.9843796296296298 0.031796874999999974 0.02587962962962946
4 0.22546354166666666 0.9592037037037038 0.03338541666666668 0.02406481481481472
4 0.18591145833333333 0.6731759259259259 0.031614583333333356 0.022351851851851946
4 0.6831041666666666 0.012611111111111111 0.013020833333333334 0.023694444444444445
4 0.4272447916666666 0.8085925925925925 0.03185937500000004 0.022185185185185217
4 0.5424791666666666 0.7960092592592594 0.032229166666666725 0.024712962962963013
4 0.7026354166666666 0.014675925925925924 0.015718749999999913 0.028046296296296295
4 0.7368177083333334 0.011055555555555555 0.016281250000000115 0.02077777777777778
4 0.33715625 0.5182314814814816 0.03015104166666672 0.026490740740740648
4 0.9028333333333334 0.3513425925925926 0.03860416666666661 0.02637962962962964
4 0.80859375 0.00924074074074074 0.015776041666666647 0.01686111111111111
4 0.303953125 0.6128518518518519 0.03353645833333339 0.02110185185185182
4 0.458984375 0.4791666666666667 0.029375000000000047 0.02077777777777783
4 0.53125 0.9513888888888888 0.027374999999999972 0.03040740740740744
4 0.22253645833333333 0.9852407407407406 0.029921875000000025 0.02433333333333352
4 0.5424791666666666 0.8263888888888888 0.03359895833333339 0.024157407407407332
4 0.33471875 0.5507777777777778 0.028489583333333356 0.0220925925925925
4 0.3071302083333334 0.7547777777777778 0.03234895833333328 0.0220925925925925
4 0.0546875 0.6657962962962962 0.025177083333333343 0.03412962962962954
4 0.505859375 0.43250925925925926 0.015958333333333387 0.055472222222222194
4 0.3103020833333333 0.6714444444444444 0.02680729166666668 0.022796296296296197
4 0.779296875 0.29600925925925925 0.029312500000000106 0.023407407407407384
4 0.06732291666666666 0.9635462962962964 0.03332291666666667 0.022879629629629663
4 0.818359375 0.5625 0.03114062499999998 0.021509259259259277
4 0.3005364583333333 0.8407129629629629 0.02897395833333339 0.020944444444444342
4 0.30761979166666664 0.7265648148148148 0.028489583333333356 0.02360185185185186
4 0.7724635416666668 0.010675925925925924 0.015671875000000075 0.01961111111111111
4 0.0989375 0.6150185185185185 0.03167708333333333 0.019231481481481464
4 0.7548854166666668 0.012611111111111113 0.013374999999999915 0.023777777777777776
4 0.58203125 0.7673611111111112 0.03004687500000003 0.023148148148148147
4 0.066953125 0.6176203703703703 0.03494270833333334 0.021268518518518544
4 0.425046875 0.9835092592592594 0.032229166666666725 0.022879629629629663
4 0.10070833333333334 0.9903981481481482 0.02758854166666668 0.019194444444444462
4 0.7822291666666668 0.32508333333333334 0.028807291666666637 0.02377777777777773
4 0.5786145833333334 0.8242222222222222 0.030958333333333362 0.022879629629629663
4 0.5766614583333334 0.8537314814814815 0.032229166666666725 0.024712962962963013
4 0.08038541666666667 0.6493055555555556 0.02504166666666666 0.03019444444444435
4 0.7919947916666668 0.010305555555555556 0.014953125000000018 0.0185
4 0.49316666666666664 0.7912314814814815 0.014953125000000018 0.04793518518518517
4 0.8071302083333334 0.6210925925925925 0.044859375000000055 0.02360185185185186
4 0.7202135416666666 0.016805555555555553 0.015604166666666686 0.031138888888888897
4 0.7329114583333334 0.5802962962962963 0.019791666666666666 0.052407407407407326
4 0.9838854166666666 0.6727407407407406 0.026109375000000056 0.05311111111111102
4 0.6552760416666668 0.1467037037037037 0.03738541666666677 0.02669444444444443
4 0.5078125 0.5976574074074075 0.012427083333333281 0.05525925925925932
4 0.6977552083333334 0.17805555555555558 0.04025520833333331 0.028944444444444436
4 0.10376041666666666 0.662324074074074 0.023911458333333347 0.034722222222222224
3 0.41836979166666666 0.4430185185185185 0.045078124999999976 0.027675925925925913
3 0.9520625 0.5315277777777777 0.045078125000000094 0.027675925925926017
3 0.957078125 0.8217685185185185 0.045078125000000094 0.027675925925926017
3 0.94896875 0.5603333333333333 0.045078125000000094 0.027675925925926017
3 0.9543072916666666 0.5884537037037036 0.051250000000000046 0.024935185185185244
3 0.9573958333333333 0.6206944444444444 0.045078125000000094 0.027675925925926017
3 0.9597083333333334 0.6570555555555556 0.045078125000000094 0.027675925925926017
3 0.9589375 0.7977129629629629 0.045078125000000094 0.027675925925926017
3 0.9543072916666666 0.6886018518518519 0.045078125000000094 0.027675925925926017
3 0.904140625 0.6206666666666667 0.045078125000000094 0.027675925925926017
3 0.9018229166666667 0.6474166666666668 0.045078125000000094 0.027675925925926017
3 0.9064583333333334 0.6755462962962964 0.045078125000000094 0.027675925925926017
3 0.4240833333333333 0.7544444444444444 0.045078124999999976 0.027675925925926017
3 0.42369270833333333 0.7770833333333333 0.045078124999999976 0.027675925925926017
3 0.4263958333333333 0.8395092592592592 0.045078124999999976 0.027675925925926017
3 0.427546875 0.8662685185185186 0.045078124999999976 0.027675925925926017
3 0.4703802083333333 0.8642037037037037 0.045078124999999976 0.027675925925926017
3 0.4723072916666667 0.8909537037037037 0.045078124999999976 0.027675925925926017
3 0.46960416666666666 0.7736111111111111 0.045078124999999976 0.027675925925926017
3 0.47384375 0.745462962962963 0.045078124999999976 0.027675925925926017
3 0.5406041666666667 0.7097777777777777 0.04353645833333335 0.028592592592592694
3 0.54253125 0.737212962962963 0.04507812500000004 0.027675925925926017
3 0.5529479166666668 0.7557314814814815 0.04507812500000004 0.027675925925926017
3 0.543296875 0.6823055555555555 0.04507812500000004 0.027675925925926017
3 0.18788541666666667 0.7639537037037037 0.045078124999999976 0.027675925925926017
3 0.06555208333333333 0.8181574074074074 0.04507812499999999 0.027675925925926017
3 0.06670833333333334 0.8490185185185186 0.045078125000000004 0.027675925925926017
3 0.18671875 0.7893148148148148 0.045078124999999976 0.027675925925926017
3 0.18864583333333332 0.8105833333333333 0.045078124999999976 0.027675925925926017
3 0.187484375 0.8455648148148148 0.045078124999999976 0.027675925925926017
3 0.23108854166666667 0.7803703703703704 0.045078124999999976 0.027675925925926017
3 0.06708333333333334 0.8757407407407407 0.045078125000000004 0.027675925925926017
3 0.3406822916666667 0.7487962962962963 0.045078124999999976 0.027675925925926017
3 0.23378645833333334 0.8798425925925926 0.045078124999999976 0.027675925925926017
3 0.3476197916666666 0.7858333333333334 0.045078124999999976 0.027675925925926017
3 0.3464635416666667 0.815324074074074 0.045078124999999976 0.027675925925926017
3 0.34916145833333334 0.8393240740740741 0.045078124999999976 0.027675925925926017
3 0.22451041666666666 0.3686111111111111 0.045078124999999976 0.027675925925925913
3 0.5806927083333334 0.20941666666666667 0.045078125000000094 0.027675925925925913
3 0.8180156249999999 0.6773888888888889 0.045078125000000094 0.027675925925926017
3 0.7821250000000001 0.6746388888888889 0.045078125000000094 0.027675925925926017
3 0.8095208333333334 0.8146203703703704 0.045078125000000094 0.027675925925926017
3 0.7821197916666667 0.8201111111111111 0.045078125000000094 0.027675925925926017
3 0.7817291666666667 0.7116944444444444 0.045078125000000094 0.03819444444444445
3 0.821484375 0.711 0.045078125000000094 0.027675925925926017
3 0.904453125 0.7363796296296296 0.045078125000000094 0.027675925925926017
3 0.8222552083333333 0.789212962962963 0.045078125000000094 0.027675925925926017
3 0.7801875 0.7651851851851852 0.045078125000000094 0.027675925925926017
3 0.894796875 0.7905648148148148 0.045078125000000094 0.027675925925926017
3 0.8951822916666666 0.8228055555555556 0.045078125000000094 0.027675925925926017
3 0.8245572916666667 0.5901851851851851 0.045078125000000094 0.027675925925926017
3 0.9630937500000001 0.7171203703703704 0.045078125000000094 0.027675925925926017