4 0.12780729166666666 0.12543518518518518 0.02267708333333333 0.052518518518518506
4 0.382078125 0.18641666666666667 0.031312499999999945 0.03276851851851851
4 0.8657239583333334 0.2899351851851852 0.025130208333333334 0.042916666666666686
4 0.2990729166666667 0.10704629629629629 0.028489583333333356 0.025388888888888878
4 0.57421875 0.13031481481481483 0.029708333333333316 0.024518518518518523
4 0.09771875000000001 0.28125 0.02954166666666668 0.023407407407407384
4 0.3344739583333334 0.1168611111111111 0.028932291666666644 0.022268518518518517
4 0.09619270833333333 0.7899351851851851 0.03970312500000001 0.024425925925926028
4 0.5615260416666668 0.9418425925925926 0.0284427083333334 0.02377777777777773
4 0.900390625 0.8489629629629629 0.038328125000000074 0.025296296296296237
4 0.9287135416666668 0.0344537037037037 0.031369791666666674 0.025
4 0.9462916666666668 0.8524351851851851 0.03033333333333322 0.02110185185185182
4 0.779296875 0.849824074074074 0.03460937499999991 0.021592592592592535
4 0.303953125 0.9843796296296298 0.03396354166666669 0.024425925925926028
4 0.8994166666666668 0.7057314814814816 0.033083333333333326 0.021351851851851802
4 0.219484375 0.1645 0.035734375000000006 0.0272037037037037
4 0.34082291666666664 0.8676203703703703 0.03143229166666662 0.02360185185185186
4 0.09930208333333333 0.9652777777777778 0.031369791666666674 0.025583333333333434
4 0.087890625 0.1686203703703704 0.03295833333333332 0.02396296296296296
4 0.336671875 0.16623148148148148 0.029588541666666638 0.022092592592592605
4 0.5361354166666668 0.12141666666666666 0.030916666666666672 0.024620370370370362
4 0.09790104166666666 0.37651851851851853 0.02801562500000001 0.022703703703703688
4 0.060640625000000004 0.3732685185185185 0.03601041666666666 0.023407407407407384
4 0.7290052083333334 0.4420555555555556 0.027328124999999894 0.04793518518518517
4 0.9018541666666666 0.14572222222222223 0.028760416666666563 0.023870370370370344
4 0.06744270833333334 0.9340277777777778 0.03253125 0.025787037037036952
4 0.09399479166666666 0.19737037037037036 0.02954166666666665 0.022444444444444454
4 0.461671875 0.838111111111111 0.03259374999999996 0.022796296296296197
4 0.4240729166666667 0.9817685185185184 0.031796874999999974 0.023333333333333164
4 0.341796875 0.9843796296296298 0.031796874999999974 0.026379629629629427
4 0.09552083333333333 0.43250925925925926 0.033265625 0.024064814814814824
4 0.30566666666666664 0.900175925925926 0.031614583333333356 0.023407407407407384
4 0.8979479166666666 0.4704907407407407 0.02865624999999999 0.020537037037037045
4 0.9438489583333334 0.4691851851851852 0.02975520833333339 0.022879629629629663
4 0.8994166666666668 0.411462962962963 0.03149479166666656 0.023870370370370344
4 0.21520833333333333 0.613712962962963 0.030380208333333356 0.0220925925925925
4 0.22253645833333333 0.9045185185185185 0.030562499999999975 0.022185185185185217
4 0.487546875 0.5047777777777778 0.012380208333333325 0.048666666666666615
4 0.09722916666666667 0.22743518518518518 0.02958854166666667 0.026490740740740752
4 0.22119270833333332 0.9843796296296298 0.030213541666666663 0.024064814814814612
4 0.093015625 0.46440740740740744 0.033140625 0.022972222222222224
4 0.9448229166666666 0.43837037037037035 0.031203124999999925 0.021675925925925897
4 0.3395989583333333 0.9557314814814816 0.02876041666666668 0.023148148148148147
4 0.21863020833333333 0.8138055555555556 0.036776041666666676 0.025296296296296237
4 0.33496354166666664 0.21744444444444444 0.02908333333333329 0.022268518518518528
4 0.5048854166666666 0.4385833333333333 0.015427083333333277 0.05620370370370375
4 0.9448229166666666 0.7634537037037037 0.03271354166666664 0.021851851851851768
4 0.8125 0.7352407407407406 0.03277604166666658 0.020620370370370355
4 0.21996875 0.7547777777777778 0.03228645833333334 0.023870370370370344
4 0.1838385416666667 0.9322962962962963 0.035489583333333324 0.025296296296296237
4 0.22265625 0.9305555555555556 0.030729166666666665 0.02360185185185186
4 0.9438489583333334 0.3532962962962963 0.03114062499999998 0.022009259259259242
4 0.4240729166666667 0.9539907407407406 0.031557291666666626 0.02433333333333341
4 0.900390625 0.53125 0.028104166666666687 0.022185185185185217
4 0.6635729166666666 0.012962962962962963 0.014734374999999982 0.02442592592592592
4 0.9765625 0.21397222222222223 0.023697916666666666 0.056638888888888905
4 0.8999010416666666 0.5872407407407407 0.029588541666666638 0.021027777777777812
4 0.060515624999999997 0.525175925925926 0.039552083333333335 0.027944444444444504
4 0.7524427083333334 0.012962962962962963 0.013427083333333438 0.024333333333333335
4 0.182375 0.7287314814814815 0.03289583333333332 0.02360185185185186
4 0.9423854166666668 0.3233518518518519 0.032468750000000074 0.022268518518518476
4 0.8989270833333334 0.2680092592592592 0.03114062499999998 0.021268518518518544
4 0.6938489583333334 0.8506944444444444 0.032229166666666725 0.024898148148148242
4 0.21863020833333333 0.2541203703703704 0.034364583333333344 0.026805555555555596
4 0.09790104166666666 0.9071203703703704 0.03817708333333334 0.025388888888888957
4 0.29809375 0.255212962962963 0.03378124999999995 0.02360185185185186
4 0.4196770833333333 0.16156481481481483 0.03366145833333339 0.024805555555555574
4 0.21886979166666667 0.22374074074074074 0.032656250000000026 0.022703703703703688
4 0.22375520833333334 0.8459166666666667 0.029875000000000006 0.023231481481481405
4 0.77734375 0.1499537037037037 0.029375000000000047 0.022620370370370377
4 0.4255364583333333 0.8975740740740741 0.0316770833333333 0.024157407407407332
4 0.10430729166666668 0.875 0.033536458333333324 0.025296296296296237
4 0.22119270833333332 0.7022592592592594 0.03533854166666668 0.023407407407407384
4 0.5380885416666668 0.1722037037037037 0.033140625000000055 0.02433333333333336
4 0.18518229166666667 0.6445277777777778 0.031614583333333356 0.021351851851851802
4 0.18566666666666667 0.8710925925925925 0.03661979166666664 0.030898148148148046
4 0.7778333333333334 0.18000925925925926 0.029708333333333316 0.023407407407407436
4 0.18591145833333333 0.9036481481481482 0.03143229166666668 0.023231481481481405
4 0.3005364583333333 0.8129351851851853 0.030442708333333356 0.021675925925926
4 0.06164583333333332 0.61675 0.030854166666666665 0.021592592592592535
4 0.8168958333333334 0.8532962962962962 0.031984374999999926 0.022444444444444454
4 0.681640625 0.013472222222222222 0.013427083333333438 0.025
4 0.177 0.13780555555555557 0.03607291666666666 0.02471296296296296
4 0.06536979166666666 0.962675925925926 0.03295833333333333 0.02415740740740754
4 0.181640625 0.37304629629629626 0.032656250000000026 0.022527777777777817
4 0.8056666666666668 0.009574074074074073 0.015015624999999961 0.017944444444444447
4 0.22351041666666666 0.9583333333333334 0.03222916666666666 0.02406481481481472
4 0.09655729166666666 0.6145833333333334 0.03198437499999998 0.019759259259259185
4 0.3041979166666666 0.9296851851851852 0.03396354166666669 0.02360185185185186
4 0.21447916666666667 0.34505555555555556 0.030562499999999975 0.02396296296296296
4 0.9428697916666666 0.29297222222222224 0.03302083333333338 0.021675925925925897
4 0.6928697916666666 0.15017592592592593 0.030671874999999935 0.023509259259259247
4 0.8969739583333334 0.20507407407407408 0.03079166666666661 0.023148148148148147
4 0.775390625 0.7361111111111112 0.03396354166666669 0.021935185185185235
4 0.17834375 0.22243518518518518 0.03347916666666665 0.023231481481481457
4 0.9409166666666666 0.20898148148148146 0.03114062499999998 0.02471296296296296
4 0.10540624999999999 0.5208333333333334 0.031020833333333334 0.02369444444444437
4 0.7758802083333334 0.3537314814814815 0.03033333333333322 0.0227962962962963
4 0.8989270833333334 0.2363240740740741 0.029984375000000084 0.023055555555555562
4 0.09948958333333334 0.9904351851851853 0.026505208333333325 0.019129629629629497
4 0.8974635416666668 0.17524074074074072 0.0284427083333334 0.026083333333333347
4 0.2160625 0.5538240740740741 0.031796874999999974 0.021592592592592535
4 0.2160625 0.5221388888888888 0.03289583333333332 0.023962962962963064
4 0.1744375 0.20019444444444445 0.03726041666666665 0.024157407407407384
4 0.7700208333333334 0.011222222222222222 0.014557291666666573 0.020944444444444446
4 0.21728645833333332 0.3148888888888889 0.029479166666666678 0.021935185185185235
4 0.7788072916666666 0.5325555555555556 0.031020833333333307 0.021935185185185235
4 0.6596666666666666 0.8537314814814815 0.032229166666666725 0.023148148148148147
4 0.052244791666666665 0.6653611111111112 0.024750000000000005 0.0349166666666667
4 0.8125 0.15212962962962964 0.032041666666666656 0.022351851851851838
4 0.8110364583333334 0.1818611111111111 0.031312499999999945 0.022009259259259242
4 0.775390625 0.7912314814814815 0.030380208333333294 0.021509259259259277
4 0.21728645833333332 0.2860277777777778 0.03114062499999998 0.024157407407407436
4 0.4946302083333334 0.9875277777777778 0.029312499999999984 0.024944444444444495
4 0.17614583333333333 0.16710185185185186 0.03796354166666666 0.02587962962962962
4 0.5068385416666666 0.619361111111111 0.012572916666666718 0.05555555555555555
4 0.181640625 0.4895833333333333 0.03390625000000001 0.02142592592592602
4 0.1848125 0.6723055555555556 0.03216666666666666 0.02252777777777771
4 0.18152083333333333 0.3441851851851852 0.03423958333333334 0.022879629629629663
4 0.8125 0.4398888888888889 0.0360104166666666 0.02480555555555552
4 0.77734375 0.5907129629629629 0.031020833333333307 0.021675925925926
4 0.9438489583333334 0.26475925925925925 0.032041666666666656 0.022703703703703688
4 0.3435052083333333 0.7256944444444444 0.03143229166666662 0.022703703703703688
4 0.943359375 0.23937037037037034 0.032411458333333344 0.02333333333333335
4 0.8115260416666668 0.3261759259259259 0.03359895833333345 0.023694444444444473
4 0.2160625 0.4578981481481481 0.028166666666666687 0.022009259259259242
4 0.6547864583333334 0.18218518518518517 0.031312499999999945 0.025685185185185193
4 0.8095729166666668 0.21083333333333332 0.032411458333333344 0.022009259259259242
4 0.7001979166666668 0.01561111111111111 0.015015624999999961 0.029490740740740738
4 0.45434375 0.18869444444444444 0.02947916666666662 0.022972222222222224
4 0.3051770833333334 0.7543425925925926 0.03302083333333338 0.022351851851851946
4 0.18115104166666668 0.25715740740740745 0.03338541666666668 0.024518518518518537
4 0.8134791666666668 0.5299444444444444 0.03167708333333342 0.022351851851851946
4 0.21838541666666667 0.42838888888888893 0.030333333333333337 0.022527777777777817
4 0.810546875 0.2968796296296296 0.03149479166666656 0.023509259259259247
4 0.18078645833333334 0.43034259259259255 0.03561458333333333 0.0227962962962963
4 0.29980729166666664 0.31228703703703703 0.03271354166666664 0.022351851851851838
4 0.33496354166666664 0.28146296296296297 0.03049999999999997 0.022527777777777817
4 0.33496354166666664 0.3993055555555556 0.031614583333333356 0.022879629629629663
4 0.7783229166666668 0.26910185185185187 0.02964583333333337 0.022268518518518476
4 0.4584947916666666 0.806425925925926 0.03004687500000003 0.023333333333333376
4 0.8159166666666666 0.47135185185185186 0.03253125000000002 0.022527777777777817
4 0.77734375 0.4108055555555556 0.0301510416666666 0.02159259259259264
4 0.4245625 0.8077222222222222 0.031796874999999974 0.02110185185185182
4 0.45434375 0.16275925925925927 0.03143229166666662 0.022620370370370377
4 0.8154322916666668 0.5620648148148147 0.028869791666666582 0.019990740740740667
4 0.6596666666666666 0.8220462962962962 0.03302083333333338 0.024157407407407332
4 0.5703125 0.2708333333333333 0.03265624999999991 0.023148148148148147
4 0.2990729166666667 0.8402777777777778 0.02954166666666668 0.020222222222222145
4 0.541015625 0.21007407407407408 0.029036458333333334 0.022009259259259242
4 0.4204114583333334 0.7287314814814815 0.03253125000000002 0.0220925925925925
4 0.6962916666666668 0.7343796296296297 0.03033333333333322 0.022009259259259242
4 0.30176041666666664 0.6124166666666666 0.03347916666666665 0.021268518518518544
4 0.18127604166666667 0.28732407407407407 0.03430208333333334 0.02360185185185186
4 0.30078125 0.34049074074074076 0.030671875000000053 0.022268518518518476
4 0.2946770833333333 0.40125925925925926 0.03185937500000004 0.020222222222222253
4 0.7778333333333334 0.4678796296296297 0.029708333333333316 0.022009259259259294
4 0.5405260416666666 0.8259537037037037 0.033265624999999945 0.023333333333333376
4 0.3393541666666666 0.6710092592592594 0.030854166666666672 0.020222222222222145
4 0.33496354166666664 0.25130555555555556 0.031203125000000043 0.023509259259259247
4 0.7338854166666666 0.011138888888888887 0.015604166666666686 0.021027777777777777
4 0.3354479166666666 0.3107685185185185 0.029984374999999966 0.021509259259259277
4 0.810546875 0.23827777777777776 0.03079166666666661 0.02287962962962964
4 0.77734375 0.3261759259259259 0.03295833333333344 0.024333333333333308
4 0.07824479166666666 0.6497407407407407 0.02263020833333333 0.032037037037036954
4 0.3359375 0.5182314814814816 0.030213541666666663 0.02628703703703713
4 0.336671875 0.4891481481481481 0.030562500000000034 0.021268518518518544
4 0.7172864583333334 0.01738888888888889 0.015130208333333428 0.03222222222222222
4 0.3364270833333334 0.6132777777777778 0.028593750000000046 0.022009259259259242
4 0.3337395833333333 0.5503518518518519 0.029984374999999966 0.02252777777777771
4 0.7768541666666666 0.23827777777777776 0.03372395833333333 0.02558333333333333
4 0.5747083333333334 0.8532962962962962 0.032411458333333344 0.02350925925925935
4 0.6606458333333334 0.29839814814814813 0.03265624999999991 0.023231481481481513
4 0.3374010416666666 0.3385462962962963 0.030562500000000034 0.021027777777777812
4 0.3061510416666666 0.7261296296296297 0.028932291666666644 0.023962962962963064
4 0.7758802083333334 0.29774074074074075 0.031557291666666744 0.022527777777777817
4 0.5419947916666668 0.7951388888888888 0.03179687500000004 0.023870370370370344
4 0.338625 0.6436666666666666 0.029203124999999965 0.02110185185185182
4 0.7895520833333334 0.010712962962962964 0.014557291666666573 0.01916666666666667
4 0.30761979166666664 0.6714444444444444 0.02833333333333338 0.022185185185185217
4 0.8037135416666668 0.6206574074074074 0.04434374999999993 0.023777777777777835
4 0.6552760416666668 0.1486574074074074 0.03811458333333325 0.027629629629629608
4 0.9013697916666668 0.3537314814814815 0.03927604166666659 0.029944444444444475
4 0.8681666666666668 0.9644074074074074 0.03347916666666677 0.024064814814814612
4 0.6958020833333334 0.1793611111111111 0.041078124999999945 0.028833333333333322
4 0.7353541666666668 0.9722222222222222 0.030276041666666722 0.02658333333333337
4 0.10284375 0.6614629629629629 0.02386458333333333 0.03387962962962955
4 0.6469739583333334 0.011314814814814816 0.014838541666666554 0.02150925925925926
4 0.4592291666666667 0.05371296296296297 0.0136354166666667 0.01351851851851852
4 0.06488020833333333 0.2593333333333333 0.013953125000000004 0.061305555555555565
4 0.7978541666666668 0.38325000000000004 0.032229166666666725 0.031138888888888886
4 0.4436041666666667 0.05075 0.012921874999999972 0.013518518518518513
4 0.052828125000000004 0.74175 0.01953125 0.09961111111111104
4 0.40527604166666664 0.0773611111111111 0.010526041666666685 0.014231481481481486
4 0.08313020833333334 0.5520833333333334 0.07574479166666667 0.033750000000000044
4 0.491453125 0.0227037037037037 0.016786458333333344 0.017527777777777778
4 0.07586458333333333 0.707462962962963 0.026505208333333325 0.08815740740740743
4 0.6782239583333334 0.8906296296296297 0.07397395833333344 0.06380555555555563
4 0.4262708333333334 0.11285185185185184 0.04098437500000003 0.033416666666666685
4 0.17468229166666666 0.07156481481481482 0.012192708333333318 0.010351851851851859
4 0.7954114583333334 0.8897592592592594 0.07653645833333324 0.06109259259259261
4 0.4570416666666667 0.22230555555555556 0.02947916666666662 0.022972222222222224
4 0.45819791666666665 0.2545462962962963 0.02947916666666662 0.02297222222222217
4 0.4138177083333333 0.23875925925925928 0.02947916666666662 0.0229722222222222
4 0.41574479166666667 0.2133611111111111 0.02947916666666662 0.022972222222222224
4 0.5396145833333333 0.2922685185185185 0.02947916666666662 0.02297222222222217
4 0.538453125 0.3245092592592593 0.02947916666666662 0.02297222222222217
4 0.5388385416666667 0.3663518518518519 0.02947916666666662 0.02297222222222217
4 0.451234375 0.3286111111111111 0.02947916666666662 0.02297222222222217
4 0.452390625 0.30321296296296296 0.02947916666666662 0.020231481481481503
4 0.30509375 0.4197777777777778 0.03185937500000004 0.020222222222222253
4 0.3008489583333333 0.4547685185185185 0.03185937500000004 0.020222222222222253
4 0.3027708333333334 0.5171944444444445 0.03185937500000004 0.020222222222222145
4 0.3023854166666667 0.5508148148148148 0.03185937500000004 0.020222222222222145
4 0.29813541666666665 0.49522222222222223 0.03185937500000004 0.020222222222222145
4 0.3340208333333334 0.4561018518518518 0.03185937500000004 0.020222222222222253
4 0.3405833333333333 0.4307037037037037 0.03185937500000004 0.020222222222222253
4 0.4196875 0.2680740740740741 0.03185937500000004 0.020222222222222253
4 0.4223854166666667 0.6104722222222222 0.03185937500000004 0.020222222222222145
4 0.4212239583333333 0.5452777777777778 0.03185937500000004 0.020222222222222145
4 0.4594270833333333 0.6077037037037037 0.03185937500000004 0.020222222222222145
4 0.462125 0.6646481481481482 0.03185937500000004 0.020222222222222145
4 0.42546354166666667 0.6433703703703704 0.03185937500000004 0.020222222222222145
4 0.4212135416666667 0.5109351851851851 0.03185937500000004 0.020222222222222145
4 0.456328125 0.5418055555555555 0.03185937500000004 0.020222222222222145
4 0.4196666666666667 0.6563888888888889 0.03185937500000004 0.020222222222222145
4 0.42313541666666665 0.6968611111111112 0.03185937500000004 0.020222222222222145
4 0.4536197916666667 0.6947962962962962 0.03185937500000004 0.020222222222222145
4 0.4624947916666667 0.7256666666666667 0.03185937500000004 0.020222222222222145
4 0.5825052083333334 0.7716296296296297 0.03185937500000004 0.020222222222222145
4 0.5821145833333333 0.7901481481481482 0.03185937500000004 0.020222222222222145
4 0.5801822916666667 0.8237592592592592 0.03185937500000004 0.020222222222222145
4 0.5759375 0.7407314814814815 0.03185937500000004 0.020222222222222145
4 0.57709375 0.711212962962963 0.03185937500000004 0.031203703703703747
4 0.5805625 0.7393425925925926 0.03185937500000004 0.020222222222222145