4 0.12597916666666667 0.12912037037037036 0.032593750000000005 0.028944444444444436
4 0.17333854166666668 0.13562962962962963 0.039182291666666674 0.02529629629629629
4 0.17627083333333332 0.16416666666666668 0.03845312500000002 0.02558333333333333
4 0.2993177083333334 0.10335185185185186 0.029984374999999966 0.025
4 0.218140625 0.1618888888888889 0.03601041666666666 0.027537037037037044
4 0.4555677083333334 0.15961111111111112 0.03143229166666662 0.022527777777777765
4 0.08630208333333332 0.16623148148148148 0.03246875000000002 0.025
4 0.45605729166666664 0.18641666666666667 0.030958333333333362 0.0238703703703704
4 0.173828125 0.19812962962962963 0.03726041666666665 0.024620370370370348
4 0.2983385416666666 0.25260185185185186 0.03476041666666667 0.023407407407407384
4 0.4196770833333333 0.15875 0.03295833333333332 0.024240740740740747
4 0.5405260416666666 0.16949074074074075 0.03265624999999996 0.023509259259259247
4 0.8159166666666666 0.1490925925925926 0.03228645833333322 0.023148148148148147
4 0.2185052083333333 0.22178703703703703 0.03228645833333334 0.02360185185185186
4 0.6938489583333334 0.1486574074074074 0.029984375000000084 0.022351851851851838
4 0.9311510416666666 0.030898148148148147 0.032895833333333256 0.025481481481481476
4 0.21789583333333334 0.25151851851851853 0.03347916666666665 0.026805555555555596
4 0.093203125 0.19368518518518518 0.02865624999999999 0.02175925925925926
4 0.09655729166666666 0.27929629629629626 0.030500000000000003 0.023231481481481513
4 0.09533854166666668 0.4312037037037037 0.033265625 0.023333333333333376
4 0.7807604166666666 0.14757407407407408 0.03179687500000009 0.022703703703703688
4 0.09655729166666666 0.3739166666666667 0.030333333333333337 0.0227962962962963
4 0.3356927083333333 0.2795185185185185 0.031312499999999945 0.023333333333333376
4 0.9467760416666666 0.7643240740740741 0.03271354166666664 0.021851851851851768
4 0.30078125 0.3101111111111111 0.033203125 0.023870370370370344
4 0.9047864583333334 0.14203703703703704 0.03143229166666662 0.022972222222222224
4 0.9487291666666666 0.23567592592592593 0.032411458333333344 0.023333333333333324
4 0.5766614583333334 0.1275 0.030729166666666665 0.025
4 0.33691666666666664 0.16362962962962962 0.030104166666666644 0.022527777777777765
4 0.17785416666666667 0.22049074074074074 0.03259375000000002 0.023509259259259247
4 0.33496354166666664 0.24935185185185185 0.03259374999999996 0.024240740740740695
4 0.814453125 0.1793611111111111 0.031369791666666674 0.022009259259259242
4 0.18103125 0.25499074074074074 0.03246875000000002 0.0246203703703704
4 0.947265625 0.2634537037037037 0.032895833333333256 0.022009259259259242
4 0.21838541666666667 0.42687037037037034 0.030104166666666644 0.023231481481481513
4 0.5415052083333334 0.20681481481481484 0.03004687500000003 0.021935185185185183
4 0.3354479166666666 0.21516666666666667 0.02908333333333329 0.02175925925925926
4 0.3344739583333334 0.11349999999999999 0.030854166666666672 0.024240740740740733
4 0.22082291666666667 0.7022592592592594 0.034822916666666676 0.02350925925925935
4 0.8999010416666666 0.2019351851851852 0.03253125000000002 0.0238703703703704
4 0.7788072916666666 0.17653703703703702 0.03173958333333336 0.024518518518518537
4 0.5375989583333334 0.11773148148148149 0.03125 0.02480555555555556
4 0.2165520833333333 0.31271296296296297 0.030562499999999975 0.023148148148148147
4 0.9487291666666666 0.43662962962962965 0.03161458333333324 0.021935185185185235
4 0.10052604166666666 0.5203981481481481 0.032713541666666665 0.024157407407407332
4 0.21630729166666668 0.2840740740740741 0.031020833333333366 0.025
4 0.18127604166666667 0.34179629629629626 0.03442187500000002 0.022444444444444454
4 0.9448229166666666 0.20649074074074072 0.03149479166666656 0.024620370370370348
4 0.340578125 0.868925925925926 0.030958333333333362 0.022268518518518476
4 0.7797864583333334 0.2669259259259259 0.03216666666666678 0.021509259259259277
4 0.066953125 0.9357685185185185 0.03253125 0.02628703703703713
4 0.05898958333333333 0.3715277777777778 0.034182291666666656 0.022703703703703688
4 0.2160625 0.519962962962963 0.032656250000000026 0.024712962962963013
4 0.818359375 0.4379351851851852 0.03423958333333322 0.023509259259259247
4 0.09222395833333333 0.46397222222222223 0.034364583333333344 0.022268518518518528
4 0.8984375 0.23372222222222222 0.03500520833333335 0.022527777777777765
4 0.7783229166666668 0.7361111111111112 0.03372395833333333 0.0220925925925925
4 0.9462916666666668 0.29014814814814816 0.03265624999999991 0.022185185185185217
4 0.9013697916666668 0.41059259259259256 0.03506250000000009 0.024333333333333308
4 0.224609375 0.8467870370370371 0.03079166666666667 0.02350925925925935
4 0.180296875 0.42968518518518517 0.03601041666666666 0.023148148148148147
4 0.6586927083333334 0.35437962962962966 0.03408854166666657 0.022879629629629663
4 0.18127604166666667 0.2849351851851852 0.03418229166666666 0.025
4 0.18518229166666667 0.6441018518518519 0.03143229166666668 0.022009259259259242
4 0.8154322916666668 0.7352407407407406 0.03167708333333342 0.02110185185185182
4 0.9033229166666668 0.7052962962962963 0.032229166666666725 0.021268518518518544
4 0.09601041666666667 0.22482407407407407 0.031020833333333334 0.025990740740740762
4 0.6572291666666668 0.1796851851851852 0.03173958333333336 0.025
4 0.182375 0.7291666666666666 0.0327135416666667 0.02369444444444437
4 0.3359375 0.3085925925925926 0.030442708333333356 0.021675925925925897
4 0.8125 0.2086574074074074 0.03259374999999996 0.022185185185185165
4 0.9501979166666668 0.8532962962962962 0.031020833333333307 0.021592592592592535
4 0.22302083333333333 0.9053796296296296 0.030958333333333303 0.023055555555555638
4 0.2189947916666667 0.8142407407407407 0.03732291666666665 0.025787037037036952
4 0.9458020833333334 0.3218333333333333 0.03192187499999998 0.022620370370370325
4 0.427 0.8984351851851852 0.03210416666666672 0.0242407407407408
4 0.009817708333333335 0.7374166666666666 0.01953125 0.050944444444444424
4 0.21569791666666666 0.5533888888888888 0.03234895833333334 0.022351851851851946
4 0.3569322916666666 0.613712962962963 0.029203124999999965 0.022796296296296197
4 0.7778333333333334 0.7916666666666666 0.031083333333333248 0.02262037037037043
4 0.904296875 0.5303796296296296 0.030729166666666665 0.02252777777777771
4 0.18115104166666668 0.3715277777777778 0.03338541666666668 0.022185185185185217
4 0.9008802083333334 0.26649074074074075 0.03359895833333345 0.021935185185185235
4 0.09753645833333334 0.9071203703703704 0.037687500000000006 0.027203703703703806
4 0.21996875 0.7552129629629629 0.0327135416666667 0.023962962962963064
4 0.29980729166666664 0.8415833333333333 0.030213541666666663 0.021851851851851768
4 0.306640625 0.9010462962962963 0.0316770833333333 0.0242407407407408
4 0.21496354166666667 0.6141481481481481 0.030562499999999975 0.02297222222222217
4 0.05975520833333334 0.5243055555555556 0.04083333333333334 0.027629629629629553
4 0.8549791666666666 0.8350740740740741 0.017578125 0.04774074074074069
4 0.3044427083333333 0.9296851851851852 0.03234895833333328 0.024425925925926028
4 0.7797864583333334 0.2356759259259259 0.03423958333333322 0.02568518518518517
4 0.9008802083333334 0.17285185185185187 0.03125 0.02578703703703706
4 0.337890625 0.33701851851851855 0.03079166666666661 0.021185185185185182
4 0.9033229166666668 0.5872407407407407 0.0323489583333334 0.021935185185185235
4 0.097046875 0.6141481481481481 0.030671874999999994 0.019379629629629688
4 0.6982447916666668 0.7339444444444444 0.030562499999999916 0.022351851851851946
4 0.947265625 0.4678796296296296 0.03161458333333324 0.023333333333333324
4 0.09930208333333333 0.9661481481481482 0.03095833333333333 0.025
4 0.9462916666666668 0.35156481481481483 0.031312499999999945 0.023509259259259247
4 0.6967760416666666 0.8511296296296297 0.03476041666666655 0.025481481481481466
4 0.9033229166666668 0.8489629629629629 0.03738541666666677 0.024898148148148242
4 0.06280729166666667 0.6158888888888888 0.03253125 0.021851851851851768
4 0.6616197916666666 0.8532962962962962 0.0323489583333334 0.023407407407407384
4 0.18444791666666666 0.9331574074074074 0.03408854166666669 0.024518518518518537
4 0.3403333333333334 0.956601851851852 0.02844270833333328 0.023601851851851756
4 0.18591145833333333 0.9045185185185185 0.03155729166666668 0.02369444444444437
4 0.4594739583333334 0.8072962962962963 0.029921875000000025 0.023777777777777835
4 0.223265625 0.9322962962962963 0.0317395833333333 0.02360185185185186
4 0.18127604166666667 0.4882777777777778 0.03396354166666669 0.022268518518518476
4 0.8193385416666668 0.8537314814814815 0.03192187499999998 0.022703703703703688
4 0.4255364583333333 0.9548611111111112 0.0316770833333333 0.023694444444444473
4 0.7797864583333334 0.409287037037037 0.0321041666666666 0.022268518518518476
4 0.463625 0.8389722222222222 0.03185937500000004 0.02262037037037043
4 0.5830104166666668 0.057074074074074076 0.03271354166666664 0.02826851851851852
4 0.8149427083333334 0.32378703703703704 0.0323489583333334 0.023694444444444473
4 0.09466666666666666 0.7899351851851851 0.03854166666666667 0.024333333333333308
4 0.662109375 0.8229166666666666 0.03192187499999998 0.0242407407407408
4 0.8139635416666666 0.2949259259259259 0.030958333333333362 0.023231481481481513
4 0.3344739583333334 0.5499166666666666 0.030380208333333294 0.022351851851851946
4 0.9028333333333334 0.34938888888888886 0.038755208333333256 0.02538888888888885
4 0.2161875 0.45746296296296296 0.028489583333333356 0.022444444444444454
4 0.21569791666666666 0.3426666666666667 0.030562499999999975 0.024333333333333308
4 0.7788072916666666 0.4674444444444445 0.032468750000000074 0.022268518518518528
4 0.8979479166666666 0.47005555555555556 0.03216666666666678 0.02094444444444445
4 0.3439947916666667 0.7256944444444444 0.029874999999999947 0.022268518518518476
4 0.7802760416666668 0.5902777777777778 0.031203124999999925 0.021509259259259277
4 0.3395989583333333 0.6710092592592594 0.030916666666666613 0.02013888888888889
4 0.343015625 0.9852407407407406 0.032041666666666656 0.025787037037036952
4 0.7827135416666666 0.8506944444444444 0.03500520833333335 0.02142592592592602
4 0.814453125 0.23567592592592593 0.030916666666666735 0.022972222222222224
4 0.6977552083333334 0.7942685185185184 0.03408854166666657 0.023231481481481405
4 0.4877916666666666 0.32075000000000004 0.018369791666666656 0.055990740740740765
4 0.18444791666666666 0.6723055555555556 0.032041666666666656 0.02252777777777771
4 0.81640625 0.5290833333333333 0.03114062499999998 0.022351851851851946
4 0.3022447916666666 0.6119814814814816 0.032895833333333374 0.021027777777777812
4 0.3364270833333334 0.5177962962962963 0.029921875000000025 0.025481481481481466
4 0.4262708333333334 0.8077222222222222 0.03253125000000002 0.02142592592592602
4 0.658203125 0.2962222222222222 0.03540104166666656 0.02297222222222217
4 0.338625 0.6432314814814816 0.029145833333333353 0.022444444444444454
4 0.3041979166666666 0.9852407407407406 0.03567708333333333 0.02433333333333352
4 0.10376041666666666 0.8758703703703704 0.03302083333333332 0.025388888888888957
4 0.8193385416666668 0.4704907407407407 0.032041666666666656 0.023055555555555586
4 0.5444322916666666 0.7951388888888888 0.031203124999999984 0.024518518518518537
4 0.22424479166666667 0.9592037037037038 0.033265625 0.023407407407407488
4 0.7807604166666666 0.5321203703703704 0.032041666666666656 0.022268518518518476
4 0.54296875 0.8259537037037037 0.03338541666666662 0.023777777777777835
4 0.7783229166666668 0.35286111111111107 0.029875000000000065 0.0227962962962963
4 0.22082291666666667 0.9861111111111112 0.029312499999999984 0.024620370370370504
4 0.18566666666666667 0.8710925925925925 0.03650000000000002 0.033370370370370335
4 0.2524427083333333 0.9079907407407407 0.017182291666666672 0.04774074074074069
4 0.30590625 0.7547777777777778 0.03353645833333339 0.022268518518518476
4 0.06488020833333333 0.9652777777777778 0.032713541666666665 0.022444444444444243
4 0.30859375 0.6714444444444444 0.027067708333333346 0.02252777777777771
4 0.7802760416666668 0.29535185185185187 0.028869791666666582 0.023333333333333376
4 0.5825208333333334 0.7660555555555556 0.030671874999999935 0.022879629629629663
4 0.818359375 0.5616296296296296 0.030916666666666735 0.020944444444444342
4 0.42480729166666664 0.9835092592592594 0.03192187499999998 0.023231481481481617
4 0.30590625 0.7261296296296297 0.029250000000000043 0.02369444444444437
4 0.051666666666666666 0.6657962962962962 0.025041666666666674 0.03594444444444438
4 0.2700208333333334 0.9618055555555556 0.018614583333333337 0.0551481481481481
4 0.4921875 0.9773148148148149 0.022916666666666665 0.04537037037037037
4 0.80859375 0.0077314814814814815 0.01519270833333337 0.014231481481481482
4 0.6831041666666666 0.011055555555555553 0.014229166666666753 0.02086111111111111
4 0.775390625 0.9427129629629628 0.03448437500000002 0.02658333333333326
4 0.7329114583333334 0.45573148148148146 0.016281250000000115 0.06168518518518519
4 0.5771510416666668 0.8537314814814815 0.03167708333333342 0.023962962962963064
4 0.703125 0.013518518518518518 0.015130208333333428 0.02548148148148148
4 0.736328125 0.009870370370370371 0.016343750000000056 0.018870370370370374
4 0.7827135416666666 0.3235648148148148 0.0301510416666666 0.02396296296296296
4 0.7724635416666668 0.009212962962962963 0.016343750000000056 0.017268518518518516
4 0.3774427083333334 0.12076851851851853 0.015078125000000024 0.05631481481481481
4 0.0989375 0.9904537037037038 0.026609374999999987 0.017796296296296112
4 0.7299791666666666 0.8710925925925925 0.02293229166666677 0.05452777777777787
4 0.7548854166666668 0.011222222222222222 0.01530208333333339 0.02150925925925926
4 0.7919947916666668 0.008222222222222221 0.014333333333333325 0.015370370370370371
4 0.7202135416666666 0.015194444444444444 0.016281250000000115 0.027740740740740743
4 0.8071302083333334 0.6202222222222222 0.044187500000000074 0.02360185185185186
4 0.5073229166666666 0.5633703703703704 0.013791666666666676 0.025990740740740682
4 0.077515625 0.6484351851851852 0.02241666666666667 0.032472222222222166
4 0.102296875 0.6614629629629629 0.024093749999999994 0.03412962962962954
4 0.6547864583333334 0.14539814814814814 0.03811458333333325 0.026898148148148157
4 0.4409166666666666 0.6653611111111112 0.07305729166666666 0.12890740740740744
4 0.536484375 0.24317592592592593 0.03004687500000003 0.02193518518518521
4 0.5384114583333334 0.3028611111111111 0.03004687500000003 0.021935185185185235
4 0.5727552083333334 0.26237037037037036 0.03004687500000003 0.021935185185185235
4 0.5414947916666667 0.3206851851851852 0.03004687500000003 0.021935185185185235
4 0.5758385416666666 0.2994074074074074 0.03004687500000003 0.021935185185185235
4 0.5769947916666667 0.3275277777777778 0.03004687500000003 0.021935185185185235
4 0.581234375 0.354287037037037 0.03004687500000003 0.021935185185185235
4 0.5360833333333334 0.3604537037037037 0.03004687500000003 0.021935185185185235
4 0.57428125 0.4160277777777778 0.03004687500000003 0.021935185185185235
4 0.5391666666666667 0.4208148148148148 0.03004687500000003 0.021935185185185235
4 0.57659375 0.4434537037037037 0.03004687500000003 0.021935185185185235
4 0.5430208333333333 0.4468796296296296 0.03004687500000003 0.021935185185185235
4 0.6629375 0.38525 0.03408854166666657 0.022879629629629663
4 0.662546875 0.4106296296296296 0.03408854166666657 0.022879629629629663
4 0.658296875 0.4442407407407407 0.03408854166666657 0.022879629629629663
4 0.6602239583333334 0.4764814814814815 0.03408854166666657 0.022879629629629663
4 0.7030572916666666 0.4730462962962963 0.03408854166666657 0.022879629629629663
4 0.6995833333333333 0.41059259259259256 0.03408854166666657 0.022879629629629663
4 0.7007395833333334 0.37696296296296294 0.03408854166666657 0.022879629629629663
4 0.6548125 0.538212962962963 0.03408854166666657 0.022879629629629663
4 0.6906979166666667 0.5375185185185185 0.03408854166666657 0.022879629629629663
4 0.6995729166666667 0.5683796296296296 0.03408854166666657 0.022879629629629663
4 0.6652239583333334 0.5649444444444445 0.03408854166666657 0.022879629629629663
4 0.6640625 0.5944444444444444 0.03408854166666657 0.022879629629629663
4 0.454125 0.21179629629629632 0.030958333333333362 0.023870370370370344
4 0.41977604166666665 0.27011111111111114 0.030958333333333362 0.023870370370370344
4 0.41784375 0.244712962962963 0.030958333333333362 0.023870370370370344
4 0.41514062500000004 0.2193240740740741 0.030958333333333362 0.023870370370370344
4 0.45334375 0.2419537037037037 0.030958333333333362 0.023870370370370344
4 0.4560416666666667 0.26733333333333337 0.030958333333333362 0.023870370370370344
4 0.42169270833333333 0.30095370370370367 0.030958333333333362 0.023870370370370344
4 0.41821875000000003 0.3345648148148148 0.030958333333333362 0.023870370370370344
4 0.41397395833333334 0.3530833333333333 0.030958333333333362 0.023870370370370344
4 0.4182135416666667 0.3894444444444445 0.030958333333333362 0.023870370370370344
4 0.339046875 0.3925925925925926 0.03079166666666661 0.021185185185185182
4 0.29929687499999996 0.4001296296296296 0.03079166666666661 0.021185185185185182
4 0.3398125 0.4172777777777778 0.03079166666666661 0.021185185185185182
4 0.30238020833333334 0.42344444444444446 0.03079166666666661 0.021185185185185182
4 0.33671875 0.4529444444444444 0.03079166666666661 0.021185185185185182
4 0.29928645833333334 0.4536203703703704 0.03079166666666661 0.021185185185185182
4 0.4208385416666667 0.5105648148148147 0.03079166666666661 0.021185185185185286
4 0.4212239583333333 0.4728148148148148 0.03079166666666661 0.021185185185185234
4 0.42238020833333334 0.5434814814814816 0.03079166666666661 0.021185185185185286
4 0.458265625 0.4755462962962963 0.03079166666666661 0.021185185185185234
4 0.4563333333333333 0.507787037037037 0.03079166666666661 0.021185185185185286
4 0.462890625 0.5592407407407407 0.03079166666666661 0.021185185185185286
4 0.4570989583333333 0.44326851851851856 0.03079166666666661 0.021185185185185182
4 0.340171875 0.4933518518518519 0.03079166666666661 0.021185185185185286
4 0.5396770833333334 0.6271481481481482 0.03079166666666661 0.021185185185185286
4 0.5400572916666667 0.6484074074074074 0.03079166666666661 0.021185185185185286
4 0.57671875 0.6806481481481482 0.03079166666666661 0.021185185185185286
4 0.584046875 0.7197592592592593 0.03079166666666661 0.021185185185185286
4 0.5805729166666667 0.7437685185185186 0.03079166666666661 0.021185185185185286
4 0.5747812499999999 0.5948611111111112 0.03079166666666661 0.021185185185185286
4 0.6654635416666667 0.6778796296296297 0.03079166666666661 0.021185185185185286
4 0.5408177083333333 0.5948425925925925 0.03079166666666661 0.021185185185185286
4 0.7001875 0.6709999999999999 0.03079166666666661 0.021185185185185286