4 0.00878143310546875 0.6844618055555556 0.017181396484375 0.049614800347222224
4 0.1280517578125 0.12630208333333334 0.032958984375 0.032172309027777776
4 0.25732421875 0.8684895833333334 0.0212860107421875 0.04676649305555555
4 0.33349609375 0.11469184027777778 0.0303802490234375 0.024332682291666668
4 0.09619140625 0.2808159722222222 0.0306243896484375 0.024332682291666668
4 0.576171875 0.12727864583333334 0.03033447265625 0.025390625
4 0.8203125 0.9409722222222222 0.03802490234375 0.026285807291666668
4 0.299072265625 0.10389539930555555 0.0293121337890625 0.024997287326388888
4 0.607421875 0.062337239583333336 0.03143310546875 0.024522569444444444
4 0.9033203125 0.8489583333333334 0.03753662109375 0.025092230902777776
4 0.931640625 0.03076171875 0.03173828125 0.024807400173611112
4 0.7822265625 0.8506944444444444 0.0345458984375 0.021511501736111112
4 0.8544921875 0.8346354166666666 0.01751708984375 0.048665364583333336
4 0.95068359375 0.8532986111111112 0.030914306640625 0.021755642361111112
4 0.336669921875 0.1650390625 0.030792236328125 0.023600260416666668
4 0.72998046875 0.8706597222222222 0.0227203369140625 0.054009331597222224
4 0.496337890625 0.96875 0.0197906494140625 0.05026584201388889
4 0.492431640625 0.3578559027777778 0.024932861328125 0.057291666666666664
4 0.09637451171875 0.375 0.02886962890625 0.023152669270833332
4 0.340576171875 0.8684895833333334 0.030792236328125 0.023057725694444444
4 0.303955078125 0.9861111111111112 0.035400390625 0.023966471354166668
4 0.90380859375 0.7052951388888888 0.0305633544921875 0.021267361111111112
4 0.0948486328125 0.7903645833333334 0.03912353515625 0.024427625868055556
4 0.342529296875 0.9852430555555556 0.0316162109375 0.025485568576388888
4 0.30615234375 0.9010416666666666 0.03125 0.023966471354166668
4 0.2186279296875 0.16221788194444445 0.035888671875 0.027533637152777776
4 0.05877685546875 0.3732638888888889 0.033905029296875 0.023234049479166668
4 0.08648681640625 0.16688368055555555 0.03314208984375 0.023600260416666668
4 0.463134765625 0.8389756944444444 0.0313720703125 0.022623697916666668
4 0.37744140625 0.1312934027777778 0.0162200927734375 0.057074652777777776
4 0.06683349609375 0.9366319444444444 0.03228759765625 0.026380750868055556
4 0.81494140625 0.7356770833333334 0.03179931640625 0.020697699652777776
4 0.94677734375 0.7643229166666666 0.0322265625 0.021931966145833332
4 0.09552001953125 0.4318576388888889 0.0330810546875 0.023600260416666668
4 0.9052734375 0.1420355902777778 0.0301055908203125 0.022447374131944444
4 0.0994873046875 0.9661458333333334 0.03033447265625 0.024522569444444444
4 0.09271240234375 0.19498697916666666 0.029541015625 0.023234049479166668
4 0.092041015625 0.4644097222222222 0.03436279296875 0.022528754340277776
4 0.9033203125 0.5872395833333334 0.03271484375 0.021931966145833332
4 0.9013671875 0.41015625 0.035064697265625 0.024617513020833332
4 0.41943359375 0.15928819444444445 0.032958984375 0.024061414930555556
4 0.42431640625 0.9835069444444444 0.030792236328125 0.023234049479166668
4 0.2198486328125 0.7556423611111112 0.0333251953125 0.023871527777777776
4 0.2208251953125 0.9861111111111112 0.0294189453125 0.024617513020833332
4 0.53759765625 0.11773003472222222 0.0299224853515625 0.023234049479166668
4 0.8193359375 0.8537326388888888 0.0322265625 0.023234049479166668
4 0.6611328125 0.8532986111111112 0.03192138671875 0.023152669270833332
4 0.77783203125 0.7916666666666666 0.031494140625 0.022447374131944444
4 0.304443359375 0.9305555555555556 0.03253173828125 0.024237738715277776
4 0.3349609375 0.2156032986111111 0.028656005859375 0.021674262152777776
4 0.77783203125 0.7361111111111112 0.0333251953125 0.0218505859375
4 0.904296875 0.5303819444444444 0.0306243896484375 0.022623697916666668
4 0.9462890625 0.3515625 0.0309600830078125 0.023871527777777776
4 0.2188720703125 0.8151041666666666 0.03753662109375 0.025200737847222224
4 0.2149658203125 0.6145833333333334 0.0302734375 0.023057725694444444
4 0.0631103515625 0.6167534722222222 0.0345458984375 0.021931966145833332
4 0.2225341796875 0.9053819444444444 0.0305633544921875 0.022528754340277776
4 0.425048828125 0.9548611111111112 0.0313720703125 0.023600260416666668
4 0.8974609375 0.4700520833333333 0.03326416015625 0.021104600694444444
4 0.173828125 0.13682725694444445 0.040313720703125 0.026380750868055556
4 0.33984375 0.9565972222222222 0.0282135009765625 0.022976345486111112
4 0.059539794921875 0.5243055555555556 0.03985595703125 0.027737087673611112
4 0.6962890625 0.8515625 0.03448486328125 0.025092230902777776
4 0.947265625 0.4674479166666667 0.0311431884765625 0.023695203993055556
4 0.9482421875 0.4366319444444444 0.03143310546875 0.021674262152777776
4 0.1837158203125 0.9331597222222222 0.0352783203125 0.024807400173611112
4 0.269287109375 0.9796278211805556 0.020416259765625 0.04074435763888889
4 0.2216796875 0.7022569444444444 0.0343017578125 0.023600260416666668
4 0.06475830078125 0.9652777777777778 0.03253173828125 0.022976345486111112
4 0.53955078125 0.16981336805555555 0.03253173828125 0.022705078125
4 0.223876953125 0.9592013888888888 0.033203125 0.023776584201388888
4 0.4267578125 0.8984375 0.0316162109375 0.024061414930555556
4 0.29931640625 0.8411458333333334 0.0302734375 0.0218505859375
4 0.09600830078125 0.22547743055555555 0.0313720703125 0.027113172743055556
4 0.185546875 0.87109375 0.03656005859375 0.032660590277777776
4 0.2242431640625 0.8472222222222222 0.030853271484375 0.023328993055555556
4 0.2230224609375 0.9322916666666666 0.0316162109375 0.023152669270833332
4 0.1822509765625 0.7296006944444444 0.03265380859375 0.023505316840277776
4 0.2132568359375 0.5533854166666666 0.03271484375 0.022528754340277776
4 0.90283203125 0.349609375 0.0384521484375 0.025390625
4 0.90087890625 0.2662760416666667 0.03240966796875 0.0220947265625
4 0.10504150390625 0.5208333333333334 0.0305023193359375 0.023600260416666668
0 0.2188720703125 0.22178819444444445 0.03302001953125 0.023410373263888888
4 0.1778564453125 0.2212456597222222 0.033203125 0.023776584201388888
4 0.0975341796875 0.9071180555555556 0.03790283203125 0.027316623263888888
4 0.218017578125 0.2523871527777778 0.033477783203125 0.026380750868055556
4 0.184814453125 0.64453125 0.03131103515625 0.021755642361111112
4 0.7802734375 0.5321180555555556 0.0322265625 0.022528754340277776
4 0.10357666015625 0.8758680555555556 0.033203125 0.025295681423611112
4 0.18115234375 0.3721788194444444 0.03265380859375 0.022976345486111112
4 0.29833984375 0.2530381944444444 0.034759521484375 0.023328993055555556
4 0.9453125 0.3218315972222222 0.0321044921875 0.022976345486111112
4 0.05145263671875 0.6657986111111112 0.02508544921875 0.03526475694444445
4 0.89892578125 0.20225694444444445 0.03314208984375 0.024061414930555556
4 0.0966796875 0.6145833333333334 0.0306243896484375 0.01953125
4 0.7802734375 0.14778645833333334 0.0313720703125 0.022881401909722224
4 0.2161865234375 0.5203993055555556 0.03167724609375 0.024807400173611112
4 0.77880859375 0.17686631944444445 0.03167724609375 0.024617513020833332
4 0.779296875 0.4095052083333333 0.0306243896484375 0.022189670138888888
4 0.68310546875 0.01153564453125 0.0131683349609375 0.020860460069444444
4 0.1859130859375 0.9045138888888888 0.031982421875 0.023600260416666668
4 0.90087890625 0.17252604166666666 0.0305633544921875 0.025295681423611112
4 0.34375 0.7261284722222222 0.0301513671875 0.022271050347222224
4 0.77880859375 0.4674479166666667 0.0321044921875 0.022623697916666668
4 0.7802734375 0.58984375 0.0304412841796875 0.019992404513888888
4 0.662109375 0.8229166666666666 0.0318603515625 0.024156358506944444
4 0.69384765625 0.14811197916666666 0.0295867919921875 0.023057725694444444
4 0.94482421875 0.2064887152777778 0.031982421875 0.024712456597222224
4 0.305908203125 0.7547743055555556 0.033843994140625 0.021674262152777776
4 0.1810302734375 0.4887152777777778 0.033966064453125 0.022013346354166668
4 0.218505859375 0.4270833333333333 0.0299224853515625 0.023152669270833332
4 0.94580078125 0.2903645833333333 0.03253173828125 0.022447374131944444
4 0.2142333984375 0.3439670138888889 0.0312042236328125 0.024237738715277776
4 0.455810546875 0.1860894097222222 0.0306243896484375 0.023966471354166668
4 0.1844482421875 0.6731770833333334 0.0323486328125 0.022352430555555556
4 0.81884765625 0.4704861111111111 0.032470703125 0.022976345486111112
4 0.173583984375 0.19813368055555555 0.0379638671875 0.023966471354166668
4 0.459228515625 0.8072916666666666 0.0295867919921875 0.024061414930555556
4 0.7548828125 0.01153564453125 0.01374053955078125 0.021430121527777776
4 0.216552734375 0.3133680555555556 0.0301055908203125 0.023410373263888888
4 0.8984375 0.23372395833333334 0.0343017578125 0.022881401909722224
4 0.1796875 0.4299045138888889 0.03533935546875 0.023234049479166668
4 0.81591796875 0.1494140625 0.03167724609375 0.023328993055555556
4 0.94677734375 0.2632378472222222 0.03289794921875 0.0218505859375
4 0.335205078125 0.2799479166666667 0.030670166015625 0.022800021701388888
4 0.455322265625 0.15983072916666666 0.0310821533203125 0.022881401909722224
4 0.818359375 0.5616319444444444 0.030670166015625 0.021023220486111112
4 0.2158203125 0.4574652777777778 0.028106689453125 0.022881401909722224
4 0.81787109375 0.4383680555555556 0.03448486328125 0.023505316840277776
4 0.81396484375 0.17903645833333334 0.0318603515625 0.022447374131944444
4 0.300537109375 0.3962673611111111 0.03265380859375 0.021755642361111112
4 0.425537109375 0.8081597222222222 0.03204345703125 0.021511501736111112
4 0.17626953125 0.1644965277777778 0.038116455078125 0.025689019097222224
4 0.349365234375 0.6141493055555556 0.0293731689453125 0.021348741319444444
4 0.30078125 0.3098958333333333 0.03228759765625 0.024156358506944444
4 0.69775390625 0.7942708333333334 0.033782958984375 0.022881401909722224
4 0.2166748046875 0.2847222222222222 0.030792236328125 0.024617513020833332
4 0.81201171875 0.20833333333333334 0.032470703125 0.022013346354166668
4 0.54052734375 0.2072482638888889 0.029876708984375 0.021755642361111112
4 0.9482421875 0.23546006944444445 0.03240966796875 0.022976345486111112
4 0.1806640625 0.3420138888888889 0.0330810546875 0.021348741319444444
4 0.81640625 0.5290798611111112 0.0303802490234375 0.020697699652777776
4 0.1806640625 0.2556423611111111 0.03314208984375 0.024522569444444444
4 0.81396484375 0.2953559027777778 0.030853271484375 0.023600260416666668
4 0.42041015625 0.2163628472222222 0.032470703125 0.023057725694444444
4 0.814453125 0.3240017361111111 0.03265380859375 0.023695203993055556
4 0.302001953125 0.6119791666666666 0.03289794921875 0.021267361111111112
4 0.6982421875 0.734375 0.03021240234375 0.0220947265625
4 0.77734375 0.3526475694444444 0.029754638671875 0.022189670138888888
4 0.334716796875 0.2495659722222222 0.0318603515625 0.023695203993055556
4 0.65673828125 0.18033854166666666 0.03228759765625 0.024997287326388888
4 0.180419921875 0.2855902777777778 0.03448486328125 0.024427625868055556
4 0.57177734375 0.2673611111111111 0.03173828125 0.022705078125
4 0.54248046875 0.8259548611111112 0.033203125 0.023871527777777776
4 0.339599609375 0.6714409722222222 0.0309600830078125 0.019680447048611112
4 0.77880859375 0.2673611111111111 0.03204345703125 0.021755642361111112
4 0.335205078125 0.3092447916666667 0.0301513671875 0.021931966145833332
4 0.301025390625 0.3387586805555556 0.031494140625 0.022447374131944444
4 0.334228515625 0.5503472222222222 0.0303802490234375 0.0218505859375
4 0.57666015625 0.8532986111111112 0.03143310546875 0.024712456597222224
4 0.80810546875 0.007731119791666667 0.0153656005859375 0.014227973090277778
4 0.7724609375 0.009501139322916666 0.0153656005859375 0.017659505208333332
4 0.305908203125 0.7261284722222222 0.0292510986328125 0.023776584201388888
4 0.65966796875 0.2966579861111111 0.03607177734375 0.023410373263888888
4 0.0987548828125 0.9912957085503472 0.0258636474609375 0.017408582899305556
4 0.33837890625 0.6440972222222222 0.0289764404296875 0.021931966145833332
4 0.336181640625 0.5173611111111112 0.03033447265625 0.026082356770833332
4 0.6591796875 0.3548177083333333 0.0328369140625 0.022447374131944444
4 0.077392578125 0.6501736111111112 0.0222015380859375 0.03355577256944445
4 0.70263671875 0.013888888888888888 0.0150146484375 0.0264892578125
4 0.30908203125 0.6714409722222222 0.026458740234375 0.022271050347222224
4 0.779296875 0.23567708333333334 0.033905029296875 0.024997287326388888
4 0.814453125 0.2358940972222222 0.0305633544921875 0.023152669270833332
4 0.73681640625 0.009351942274305556 0.0162811279296875 0.017659505208333332
4 0.460205078125 0.63671875 0.029876708984375 0.021104600694444444
4 0.54345703125 0.7955729166666666 0.03173828125 0.024522569444444444
4 0.33740234375 0.3372395833333333 0.0305633544921875 0.020779079861111112
4 0.77978515625 0.2955729166666667 0.0293121337890625 0.023234049479166668
4 0.78271484375 0.3237847222222222 0.0284881591796875 0.024061414930555556
4 0.73046875 0.4357638888888889 0.0167236328125 0.060384114583333336
4 0.338623046875 0.6966145833333334 0.02685546875 0.0130615234375
4 0.72021484375 0.015245225694444444 0.0161590576171875 0.027737087673611112
4 0.806640625 0.6202256944444444 0.04443359375 0.023600260416666668
4 0.791015625 0.008999294704861112 0.015777587890625 0.016669379340277776
4 0.6552734375 0.1459418402777778 0.0379638671875 0.027208116319444444
4 0.99169921875 0.26171875 0.01512908935546875 0.05259874131944445
4 0.10211181640625 0.6614583333333334 0.0236968994140625 0.033989800347222224
4 0.69775390625 0.17686631944444445 0.0401611328125 0.028049045138888888
4 0.50634765625 0.5881076388888888 0.01422882080078125 0.055474175347222224
4 0.6494140625 0.010430230034722222 0.0191192626953125 0.019463433159722224
4 0.07574462890625 0.5555555555555556 0.033599853515625 0.029269748263888888
4 0.7998046875 0.3817274305555556 0.0345458984375 0.030409071180555556
4 0.0631103515625 0.2591145833333333 0.0129241943359375 0.05995008680555555
3 0.4404296875 0.6627604166666666 0.07275390625 0.12890625