4 0.13122395833333333 0.12478703703703704 0.032531250000000005 0.036157407407407416
4 0.2670885416666666 0.8359351851851852 0.02758854166666668 0.04123148148148146
4 0.009109375 0.6380185185185184 0.01821875 0.04858333333333336
4 0.5756822916666666 0.1275 0.030276041666666722 0.025685185185185193
4 0.298828125 0.10449074074074073 0.029375000000000047 0.025388888888888905
4 0.09655729166666666 0.28146296296296297 0.03125 0.024157407407407436
4 0.3361822916666667 0.16482407407407407 0.030916666666666613 0.02369444444444442
4 0.333984375 0.1149074074074074 0.028932291666666644 0.023333333333333324
4 0.9311510416666666 0.030657407407407408 0.0321041666666666 0.024805555555555553
4 0.9038072916666666 0.8489629629629629 0.03720312499999991 0.02480555555555552
4 0.7827135416666666 0.8506944444444444 0.034364583333333344 0.021509259259259277
4 0.4975572916666666 0.39410185185185187 0.022505208333333353 0.05576851851851854
4 0.095703125 0.7907962962962962 0.0390625 0.024157407407407332
4 0.9506822916666666 0.8532962962962962 0.030854166666666554 0.022009259259259242
4 0.4965833333333334 0.957462962962963 0.019562499999999972 0.05199999999999997
4 0.376953125 0.13932407407407407 0.01704166666666668 0.05496296296296298
4 0.8549791666666666 0.8346388888888888 0.01744270833333322 0.04858333333333336
4 0.303953125 0.9861111111111112 0.03628645833333337 0.024425925925926028
4 0.3410625 0.869361111111111 0.031369791666666674 0.022879629629629663
4 0.6264635416666666 0.06450925925925927 0.031020833333333307 0.03174074074074074
4 0.861328125 0.9409722222222222 0.03854166666666667 0.027314814814814816
4 0.73046875 0.8706574074074074 0.021364583333333322 0.053305555555555495
4 0.21838541666666667 0.16308333333333333 0.03622395833333331 0.027629629629629608
4 0.9038072916666666 0.7052962962962963 0.030625000000000093 0.021509259259259277
4 0.09668229166666667 0.3760833333333333 0.029249999999999984 0.023231481481481513
4 0.3063958333333333 0.9010462962962963 0.03143229166666662 0.0242407407407408
4 0.08630208333333332 0.16774999999999998 0.03366145833333333 0.024240740740740747
4 0.09948958333333334 0.9661481481481482 0.030671874999999994 0.02489814814814803
4 0.34253125 0.9861111111111112 0.03185937500000004 0.025990740740740894
4 0.4631354166666667 0.8389722222222222 0.031614583333333356 0.022879629629629663
4 0.059661458333333334 0.37304629629629626 0.034760416666666655 0.02360185185185186
4 0.067078125 0.9366296296296296 0.03253125 0.02619444444444441
4 0.33471875 0.21614814814814814 0.028166666666666628 0.021935185185185183
4 0.42578125 0.8984351851851852 0.031557291666666626 0.024425925925926028
4 0.095703125 0.43250925925925926 0.033265625 0.024157407407407436
4 0.9467760416666666 0.7643240740740741 0.03253125000000002 0.021675925925926
4 0.5375989583333334 0.11816666666666667 0.030333333333333278 0.023870370370370358
4 0.09588541666666667 0.22569444444444445 0.03095833333333333 0.026194444444444437
4 0.21911458333333333 0.8151018518518518 0.03689583333333335 0.025203703703703728
4 0.4240729166666667 0.9843796296296298 0.032041666666666656 0.023333333333333164
4 0.8149427083333334 0.7356759259259259 0.03167708333333342 0.020861111111111087
4 0.9028333333333334 0.5872407407407407 0.03167708333333342 0.021935185185185235
4 0.9052760416666668 0.1423611111111111 0.030729166666666665 0.0227962962962963
4 0.21520833333333333 0.6141481481481481 0.031083333333333307 0.023231481481481405
4 0.22253645833333333 0.9053796296296296 0.030958333333333362 0.022796296296296197
4 0.21996875 0.756074074074074 0.03295833333333332 0.0242407407407408
4 0.093015625 0.19541666666666668 0.02964583333333334 0.022444444444444454
4 0.9047864583333334 0.5303796296296296 0.03079166666666661 0.022796296296296197
4 0.4196770833333333 0.15983333333333333 0.033140625000000055 0.024240740740740747
4 0.6606458333333334 0.8532962962962962 0.031984374999999926 0.023148148148148147
4 0.9013697916666668 0.4101574074074074 0.034364583333333344 0.024240740740740695
4 0.5390625 0.1698148148148148 0.0328385416666667 0.0227962962962963
4 0.947265625 0.46787962962962965 0.031369791666666674 0.023694444444444473
4 0.7778333333333334 0.7916666666666666 0.03149479166666656 0.02252777777777771
4 0.8193385416666668 0.8541666666666666 0.03216666666666678 0.023231481481481405
4 0.09185937500000001 0.46440740740740744 0.033781250000000006 0.022092592592592605
4 0.22119270833333332 0.9861111111111112 0.029145833333333353 0.02369444444444458
4 0.3400885416666667 0.956601851851852 0.028380208333333337 0.023055555555555638
4 0.4252916666666666 0.9557314814814816 0.032041666666666656 0.02433333333333341
4 0.223265625 0.9322962962962963 0.03149479166666668 0.0242407407407408
4 0.9462916666666668 0.35156481481481483 0.030916666666666735 0.02377777777777773
4 0.3049322916666667 0.9305555555555556 0.03353645833333339 0.024620370370370296
4 0.09948958333333334 0.9088518518518518 0.03628645833333334 0.025481481481481466
4 0.8979479166666666 0.47005555555555556 0.0321041666666666 0.021185185185185182
4 0.18347395833333333 0.9340277777777778 0.03442187500000002 0.02480555555555552
4 0.2993177083333334 0.8415833333333333 0.030442708333333356 0.0220925925925925
4 0.17346354166666667 0.13682407407407407 0.038697916666666644 0.02637962962962964
4 0.22424479166666667 0.8476574074074075 0.03143229166666668 0.02360185185185186
4 0.7778333333333334 0.7365462962962963 0.033322916666666674 0.022185185185185217
4 0.059661458333333334 0.525175925925926 0.03918229166666666 0.028370370370370462
4 0.220703125 0.7026944444444444 0.03506249999999997 0.024064814814814824
4 0.6967760416666666 0.8515648148148148 0.03476041666666655 0.025092592592592507
4 0.182375 0.7296018518518519 0.0327135416666667 0.023777777777777835
4 0.9482447916666668 0.43662962962962965 0.031557291666666744 0.021851851851851872
4 0.065 0.9652777777777778 0.03302083333333334 0.023333333333333164
4 0.06210416666666666 0.6171851851851852 0.03283854166666666 0.021851851851851768
4 0.18603645833333332 0.9045185185185185 0.031796874999999974 0.02369444444444437
4 0.104859375 0.5212685185185185 0.031557291666666654 0.024333333333333308
4 0.104125 0.8763055555555556 0.032895833333333346 0.025296296296296237
4 0.90234375 0.34938888888888886 0.03817708333333343 0.025203703703703728
4 0.218015625 0.25260185185185186 0.033203125 0.026805555555555596
4 0.17761458333333333 0.22178703703703703 0.033322916666666674 0.023333333333333324
4 0.7797864583333334 0.5321203703703704 0.032411458333333344 0.022351851851851946
4 0.1848125 0.644962962962963 0.03155729166666668 0.021935185185185235
4 0.224609375 0.9592037037037038 0.033265625 0.024157407407407436
4 0.9013697916666668 0.26605555555555555 0.03265624999999991 0.022092592592592605
4 0.18566666666666667 0.8710925925925925 0.03661979166666664 0.03276851851851861
4 0.2985833333333333 0.2536851851851852 0.03423958333333334 0.022527777777777817
4 0.9453125 0.3218333333333333 0.03161458333333324 0.022703703703703688
4 0.2185052083333333 0.22287037037037036 0.033140625 0.023148148148148147
4 0.21325520833333333 0.5538240740740741 0.03228645833333334 0.022703703703703688
4 0.7797864583333334 0.1481111111111111 0.031083333333333248 0.022703703703703688
4 0.6831041666666666 0.011805555555555555 0.013166666666666771 0.021185185185185182
4 0.8989270833333334 0.20225925925925925 0.03277604166666658 0.023777777777777783
4 0.7788072916666666 0.40950925925925924 0.030562499999999916 0.022268518518518476
4 0.6938489583333334 0.1481111111111111 0.029375000000000047 0.023055555555555534
4 0.21582291666666667 0.5217037037037038 0.03271354166666664 0.0242407407407408
4 0.18115104166666668 0.37239814814814814 0.032838541666666644 0.02360185185185186
4 0.7788072916666666 0.4674444444444445 0.032041666666666656 0.02270370370370374
4 0.7783229166666668 0.17719444444444446 0.031369791666666674 0.02442592592592592
4 0.9008802083333334 0.1722037037037037 0.030854166666666554 0.025203703703703676
4 0.7021510416666668 0.01373148148148148 0.014786458333333268 0.026287037037037036
4 0.18115104166666668 0.2565092592592592 0.03295833333333332 0.025203703703703728
4 0.09619270833333333 0.6150185185185185 0.03143229166666668 0.01984259259259265
4 0.7548854166666668 0.011666666666666667 0.013635416666666582 0.021425925925925928
4 0.18444791666666666 0.6731759259259259 0.032041666666666656 0.022444444444444454
4 0.662109375 0.8229166666666666 0.03161458333333324 0.024064814814814824
4 0.05194270833333334 0.6653611111111112 0.025328124999999996 0.03425925925925926
4 0.34375 0.7265648148148148 0.03015104166666672 0.022703703703703688
4 0.9453125 0.20616666666666666 0.033083333333333326 0.025203703703703676
4 0.21582291666666667 0.34396296296296297 0.030213541666666663 0.023694444444444473
4 0.4555677083333334 0.18641666666666667 0.030333333333333337 0.023777777777777783
4 0.9458020833333334 0.29036111111111107 0.032229166666666725 0.022351851851851838
4 0.17394791666666667 0.19878703703703704 0.037109375 0.024333333333333308
4 0.73046875 0.4157962962962963 0.014114583333333286 0.059842592592592586
4 0.33496354166666664 0.24978703703703703 0.031796874999999974 0.02297222222222217
4 0.7797864583333334 0.5902777777777778 0.031020833333333307 0.021592592592592535
4 0.5766614583333334 0.8537314814814815 0.031984374999999926 0.02480555555555552
4 0.30590625 0.7552129629629629 0.03372395833333333 0.022185185185185217
4 0.4553229166666667 0.16015740740740741 0.031083333333333366 0.022972222222222224
4 0.29819270833333333 0.30925925925925923 0.03423958333333334 0.022527777777777817
4 0.3387135416666667 0.28935185185185186 0.03423958333333334 0.022527777777777817
4 0.33678125 0.3394351851851852 0.03423958333333334 0.022527777777777817
4 0.2947135416666667 0.33599074074074076 0.03423958333333334 0.022527777777777817
4 0.4201302083333333 0.41626851851851854 0.03423958333333334 0.022527777777777817
4 0.417421875 0.4787037037037037 0.03423958333333334 0.022527777777777765
4 0.41857812499999997 0.3874351851851852 0.03423958333333334 0.022527777777777817
4 0.42127604166666666 0.35791666666666666 0.03423958333333334 0.022527777777777817
4 0.4201197916666667 0.327037037037037 0.03423958333333334 0.022527777777777817
4 0.41972916666666665 0.3002592592592592 0.03423958333333334 0.022527777777777817
4 0.42011458333333335 0.2748703703703704 0.03423958333333334 0.022527777777777817
4 0.41277604166666665 0.2398611111111111 0.03423958333333334 0.02252777777777779
4 0.414703125 0.21858333333333332 0.03423958333333334 0.022527777777777765
4 0.4444166666666666 0.5129444444444444 0.03423958333333334 0.02252777777777771
4 0.4571510416666667 0.4120648148148148 0.03423958333333334 0.022527777777777817
4 0.5401145833333333 0.2974722222222222 0.03423958333333328 0.022527777777777817
4 0.5829479166666667 0.5904537037037038 0.03423958333333322 0.02252777777777771
4 0.5377916666666667 0.6227037037037036 0.03423958333333328 0.02252777777777771
4 0.5428072916666667 0.5945555555555556 0.03423958333333328 0.02252777777777771
4 0.5756041666666667 0.5622962962962963 0.03423958333333322 0.02252777777777771
4 0.5366302083333333 0.5657222222222222 0.03423958333333328 0.02252777777777771
4 0.53778125 0.5334629629629629 0.03423958333333328 0.02252777777777771
4 0.5759843750000001 0.5341388888888889 0.03423958333333322 0.02252777777777771
4 0.5485833333333333 0.6981296296296297 0.03423958333333328 0.02252777777777771
4 0.5736666666666667 0.7386018518518519 0.03423958333333322 0.02252777777777771
4 0.581765625 0.7022314814814814 0.03423958333333322 0.02252777777777771
4 0.5790624999999999 0.6740925925925926 0.03423958333333322 0.02252777777777771
4 0.5779010416666667 0.6473240740740741 0.03423958333333322 0.02252777777777771
4 0.5396927083333334 0.8222870370370371 0.03423958333333328 0.02252777777777771
4 0.30050000000000004 0.40116666666666667 0.03423958333333334 0.022527777777777817
4 0.3379270833333334 0.3977314814814815 0.03423958333333334 0.022527777777777817
4 0.301265625 0.42585185185185187 0.03423958333333334 0.022527777777777817
4 0.3363802083333333 0.4539814814814815 0.03423958333333334 0.022527777777777817
4 0.3383072916666666 0.4848518518518518 0.03423958333333334 0.022527777777777765
4 0.340234375 0.5266944444444445 0.03423958333333334 0.02252777777777771
4 0.29739583333333336 0.4573888888888889 0.03423958333333334 0.022527777777777817
4 0.30086979166666666 0.48687962962962966 0.03423958333333334 0.02252777777777771
4 0.2989375 0.5232407407407408 0.03423958333333334 0.02252777777777771
4 0.30008854166666665 0.5458796296296295 0.03423958333333334 0.02252777777777771
4 0.340609375 0.550675925925926 0.03423958333333334 0.02252777777777771
4 0.4197135416666667 0.5520370370370371 0.03423958333333334 0.010175925925925934
4 0.3344270833333333 0.4230277777777778 0.03423958333333334 0.017037037037037017
4 0.5355885416666666 0.2061759259259259 0.0328385416666667 0.0227962962962963
4 0.5390572916666667 0.23429629629629625 0.0328385416666667 0.022796296296296273
4 0.5734010416666667 0.24184259259259258 0.03283854166666676 0.0227962962962963
4 0.5745572916666667 0.2685925925925926 0.03283854166666676 0.0227962962962963
4 0.5764843749999999 0.33239814814814816 0.03283854166666676 0.0227962962962963
4 0.5776354166666666 0.29464814814814816 0.03283854166666676 0.0227962962962963
4 0.657515625 0.23768518518518517 0.03283854166666676 0.0227962962962963
4 0.6594427083333334 0.21366666666666667 0.03283854166666676 0.0227962962962963
4 0.65596875 0.18003703703703702 0.03283854166666676 0.0227962962962963
4 0.6540364583333333 0.14502777777777778 0.03283854166666676 0.0227962962962963
4 0.6563541666666667 0.27267592592592593 0.03283854166666676 0.0227962962962963
4 0.8095520833333333 0.20610185185185184 0.03283854166666676 0.0227962962962963
4 0.688765625 0.29324074074074075 0.03283854166666676 0.0227962962962963
4 0.6991822916666667 0.31175925925925924 0.03283854166666676 0.0227962962962963
4 0.7790625 0.2589166666666667 0.03283854166666676 0.0227962962962963
4 0.8095416666666666 0.2980185185185185 0.03283854166666676 0.0227962962962963
4 0.7767395833333333 0.30144444444444446 0.03283854166666676 0.0227962962962963
4 0.8141666666666667 0.3323148148148148 0.03283854166666676 0.0227962962962963
4 0.78059375 0.3220092592592592 0.03283854166666676 0.0227962962962963
4 0.6582604166666666 0.5395185185185185 0.03283854166666676 0.022796296296296197
4 0.7003229166666666 0.5635277777777777 0.03283854166666676 0.022796296296296197
4 0.69453125 0.5395 0.03283854166666676 0.022796296296296197
4 0.45595312499999996 0.21591666666666667 0.030333333333333337 0.023777777777777783
4 0.4540208333333334 0.2714814814814815 0.030333333333333337 0.02377777777777773
4 0.45826041666666667 0.30098148148148146 0.030333333333333337 0.02377777777777773
4 0.45169791666666664 0.3620462962962963 0.030333333333333337 0.02377777777777773
4 0.453625 0.33252777777777776 0.030333333333333337 0.02377777777777773
4 0.4555520833333333 0.39084259259259263 0.030333333333333337 0.02377777777777773
4 0.45284895833333333 0.24056481481481481 0.030333333333333337 0.02377777777777776
4 0.5389010416666667 0.3345648148148148 0.030333333333333278 0.02377777777777773
4 0.577875 0.35857407407407405 0.03033333333333322 0.02377777777777773
4 0.5412135416666667 0.42100925925925925 0.030333333333333278 0.022879629629629663
4 0.5763229166666667 0.41482407407407407 0.03033333333333322 0.02377777777777773
4 0.5412083333333333 0.4429444444444444 0.030333333333333278 0.02377777777777773
4 0.5809531250000001 0.445 0.03033333333333322 0.02377777777777773
4 0.5419739583333333 0.4772407407407407 0.030333333333333278 0.023777777777777783
4 0.6604427083333333 0.48203703703703704 0.03033333333333322 0.023777777777777783
4 0.5743854166666666 0.4731111111111111 0.03033333333333322 0.02377777777777773
4 0.6534895833333334 0.3818333333333333 0.03033333333333322 0.02377777777777773
4 0.6592760416666666 0.3536944444444445 0.03033333333333322 0.02377777777777773
4 0.6951614583333333 0.4161296296296296 0.03033333333333322 0.02377777777777773
4 0.6585 0.41131481481481486 0.03033333333333322 0.02377777777777773
4 0.6943854166666666 0.6494166666666666 0.03033333333333322 0.023777777777777835
4 0.7032552083333333 0.6171574074074074 0.03033333333333322 0.023777777777777835
4 0.6974687500000001 0.7413425925925926 0.03033333333333322 0.023777777777777835
4 0.8174791666666666 0.5691018518518518 0.03033333333333322 0.023777777777777835
4 0.8093697916666667 0.6205648148148148 0.03033333333333322 0.023777777777777835
4 0.6569375 0.6226111111111111 0.03033333333333322 0.023777777777777835
4 0.6565520833333333 0.5903518518518519 0.03033333333333322 0.023777777777777835
4 0.6577083333333333 0.5869166666666666 0.03033333333333322 0.023777777777777835
4 0.8163072916666666 0.43525925925925923 0.03033333333333322 0.02377777777777773
4 0.8174635416666667 0.46612962962962967 0.03033333333333322 0.02377777777777773
4 0.6573125 0.6410925925925925 0.03033333333333322 0.023777777777777835
4 0.21703645833333332 0.4581574074074074 0.032838541666666644 0.02360185185185186
4 0.22282291666666668 0.42864814814814817 0.032838541666666644 0.02360185185185186
4 0.21934895833333332 0.2852314814814815 0.032838541666666644 0.02360185185185186
4 0.1695625 0.42862962962962964 0.032838541666666644 0.02360185185185186
4 0.17303645833333334 0.48969444444444443 0.032838541666666644 0.02360185185185186
4 0.30076562500000004 0.6783796296296296 0.032838541666666644 0.02360185185185186
4 0.339734375 0.6420092592592592 0.032838541666666644 0.02360185185185186
4 0.34166145833333333 0.6124907407407407 0.032838541666666644 0.02360185185185186
4 0.3026875 0.6117962962962963 0.032838541666666644 0.02360185185185186
4 0.4597447916666667 0.6412962962962964 0.032838541666666644 0.02360185185185186
4 0.33972916666666664 0.6721666666666667 0.032838541666666644 0.02360185185185186
4 0.45819270833333337 0.6056018518518518 0.032838541666666644 0.02360185185185186
4 0.4238489583333333 0.6995925925925925 0.032838541666666644 0.02360185185185186
4 0.42577604166666666 0.6673425925925927 0.032838541666666644 0.02360185185185186
4 0.42461458333333335 0.6419444444444444 0.032838541666666644 0.02360185185185186
4 0.3053697916666666 0.722212962962963 0.032838541666666644 0.02360185185185186
4 0.4631979166666667 0.8052314814814815 0.032838541666666644 0.02360185185185186
4 0.42653645833333337 0.800425925925926 0.032838541666666644 0.02360185185185186
4 0.46756770833333333 0.4305833333333333 0.03423958333333334 0.022527777777777817
4 0.4610052083333333 0.47654629629629625 0.03423958333333334 0.022527777777777765
4 0.5817864583333333 0.766787037037037 0.03423958333333322 0.02252777777777771
4 0.4563697916666667 0.5506388888888889 0.03423958333333334 0.02252777777777771
4 0.5798541666666667 0.7907962962962962 0.03423958333333322 0.02252777777777771
4 0.5802395833333333 0.8257777777777778 0.03423958333333322 0.02252777777777771
4 0.5759895833333334 0.7358888888888889 0.03423958333333322 0.02252777777777771
4 0.70040625 0.1789814814814815 0.029375000000000047 0.023055555555555534
4 0.697703125 0.21259259259259258 0.029375000000000047 0.023055555555555534
4 0.6973125 0.24346296296296296 0.029375000000000047 0.023055555555555534
4 0.686890625 0.2674722222222222 0.029375000000000047 0.01756481481481484
4 0.7876093750000001 0.2311018518518519 0.029375000000000047 0.023055555555555562
4 0.8126874999999999 0.14943518518518517 0.029375000000000047 0.023055555555555534
4 0.8146145833333333 0.1761851851851852 0.029375000000000047 0.023055555555555534
4 0.8998958333333333 0.2303888888888889 0.029375000000000047 0.023055555555555534
4 0.814609375 0.23380555555555554 0.029375000000000047 0.023055555555555534
4 0.6970781250000001 0.7653518518518518 0.03033333333333322 0.023777777777777835
4 0.6943750000000001 0.801712962962963 0.03033333333333322 0.023777777777777835
3 0.18444791666666666 0.3141203703703704 0.03729687500000001 0.026055555555555544
3 0.18097395833333335 0.4053703703703704 0.03729687500000001 0.026055555555555544
3 0.21994791666666666 0.3758611111111111 0.03729687500000001 0.030740740740740784
3 0.22042708333333336 0.3986018518518519 0.03325520833333335 0.024527777777777787
3 0.18328124999999998 0.4629907407407407 0.03729687500000001 0.026055555555555596
3 0.18211979166666667 0.5240555555555556 0.03729687500000001 0.026055555555555648
3 0.0960625 0.4025925925925926 0.03729687500000001 0.026055555555555544
3 0.29711458333333335 0.27564814814814814 0.037296874999999945 0.026055555555555544
3 0.9502135416666667 0.5316018518518518 0.034109374999999886 0.025824074074074166
3 0.952140625 0.5624722222222223 0.034109374999999886 0.025824074074074166
3 0.8961822916666667 0.6482314814814815 0.034109374999999886 0.025824074074074166
3 0.8988802083333333 0.6132314814814814 0.034109374999999886 0.025824074074074166
3 0.8941874999999999 0.5617592592592593 0.034109374999999886 0.025824074074074166
3 0.9497604166666667 0.594 0.034109374999999886 0.025824074074074166
3 0.898046875 0.6756481481481482 0.034109374999999886 0.025824074074074166
3 0.9536145833333334 0.6173148148148149 0.034109374999999886 0.025824074074074166
3 0.90190625 0.7360185185185185 0.034109374999999886 0.025824074074074166
3 0.9520729166666667 0.64475 0.034109374999999886 0.025824074074074166
3 0.95284375 0.7936388888888889 0.034109374999999886 0.025824074074074166
3 0.9513020833333333 0.7092314814814815 0.034109374999999886 0.025824074074074166
3 0.9497604166666667 0.6769722222222222 0.034109374999999886 0.025824074074074166
3 0.9505312499999999 0.7311759259259258 0.034109374999999886 0.025824074074074166
3 0.8965052083333334 0.7894907407407408 0.034109374999999886 0.025824074074074166
3 0.895734375 0.7627222222222222 0.034109374999999886 0.025824074074074166
3 0.9505312499999999 0.821037037037037 0.034109374999999886 0.025824074074074166
3 0.8988177083333333 0.8230833333333333 0.034109374999999886 0.025824074074074166
3 0.81353125 0.6488796296296296 0.034109374999999886 0.025824074074074166
3 0.7745520833333334 0.7099444444444445 0.034109374999999886 0.025824074074074166
3 0.773390625 0.6735648148148149 0.034109374999999886 0.025824074074074166
3 0.7776354166666667 0.6467962962962963 0.034109374999999886 0.025824074074074166
3 0.8181510416666666 0.769611111111111 0.034109374999999886 0.025824074074074166
3 0.81390625 0.7030462962962962 0.034109374999999886 0.025824074074074166
3 0.8189166666666666 0.673537037037037 0.034109374999999886 0.017592592592592594
3 0.7791666666666667 0.8183055555555555 0.034109374999999886 0.025824074074074166
3 0.8135104166666667 0.8244722222222222 0.034109374999999886 0.025824074074074166
3 0.8162083333333333 0.7949629629629629 0.034109374999999886 0.025824074074074166
3 0.8984010416666667 0.3221851851851852 0.034109374999999886 0.025824074074074062
3 0.8933854166666666 0.29540740740740745 0.034109374999999886 0.025824074074074062
3 0.8980104166666667 0.38325000000000004 0.034109374999999886 0.025824074074074062
3 0.9516510416666667 0.3811759259259259 0.034109374999999886 0.025824074074074062
3 0.9489479166666667 0.4106759259259259 0.034109374999999886 0.025824074074074062
3 0.18366145833333333 0.7600833333333333 0.03729687500000001 0.026055555555555648
3 0.22031770833333333 0.730574074074074 0.03729687500000001 0.026055555555555648
3 0.18365625 0.7024259259259259 0.03729687500000001 0.026055555555555648
3 0.22340104166666666 0.6770370370370371 0.03729687500000001 0.026055555555555648
3 0.22301041666666668 0.6420277777777778 0.03729687500000001 0.026055555555555648
3 0.29903124999999997 0.6385925925925926 0.037296874999999945 0.026055555555555648
3 0.304046875 0.7888518518518519 0.037296874999999945 0.026055555555555648
3 0.348421875 0.7593425925925926 0.037296874999999945 0.026055555555555648
3 0.3434010416666667 0.8121666666666667 0.037296874999999945 0.026055555555555648
3 0.3399270833333333 0.7853981481481481 0.037296874999999945 0.026055555555555648
3 0.3379947916666667 0.6996203703703704 0.037296874999999945 0.026055555555555648
3 0.3430104166666667 0.8416481481481481 0.037296874999999945 0.026055555555555648
3 0.3055729166666667 0.8121388888888889 0.037296874999999945 0.026055555555555648
3 0.30055729166666667 0.9582870370370371 0.037296874999999945 0.026055555555555544
3 0.34338541666666667 0.9287685185185186 0.037296874999999945 0.026055555555555648
3 0.30209375 0.8676944444444444 0.037296874999999945 0.026055555555555648
3 0.3433802083333333 0.9026759259259259 0.037296874999999945 0.026055555555555648
3 0.42598437499999997 0.7847222222222222 0.037296874999999945 0.026055555555555648
3 0.42636979166666666 0.7469722222222223 0.037296874999999945 0.026055555555555648
3 0.46302604166666667 0.7847037037037037 0.037296874999999945 0.026055555555555648
3 0.464953125 0.751074074074074 0.037296874999999945 0.026055555555555648
3 0.42211458333333335 0.838212962962963 0.037296874999999945 0.026055555555555648
3 0.459546875 0.8951574074074073 0.037296874999999945 0.026055555555555648
3 0.46224479166666665 0.8642685185185185 0.037296874999999945 0.026055555555555648
3 0.4224947916666667 0.8731851851851852 0.037296874999999945 0.026055555555555648
3 0.4236510416666667 0.92875 0.037296874999999945 0.026055555555555648
3 0.660203125 0.7620092592592593 0.03729687500000007 0.026055555555555648
3 0.6621302083333334 0.7338611111111112 0.03729687500000007 0.026055555555555648
3 0.5451979166666666 0.7386574074074074 0.03729687500000001 0.026055555555555648
3 0.5401770833333334 0.7646481481481482 0.03729687500000001 0.026055555555555648
3 0.6609635416666666 0.3255 0.03729687500000007 0.026055555555555544
3 0.901375 0.4407777777777778 0.03729687500000007 0.026055555555555544
3 0.6991666666666667 0.3536203703703704 0.03729687500000007 0.026055555555555544
3 0.81840625 0.26373148148148146 0.03729687500000007 0.026055555555555544
3 0.7740260416666668 0.20264814814814816 0.03729687500000007 0.026055555555555544
3 0.82303125 0.3556574074074074 0.03729687500000007 0.026055555555555544
3 0.6667395833333334 0.7886296296296297 0.03729687500000007 0.026055555555555648
3 0.5745052083333333 0.21428703703703705 0.03729687500000007 0.026055555555555544
3 0.186359375 0.7895833333333333 0.03729687500000001 0.026055555555555648
3 0.06711458333333334 0.8465277777777778 0.03729687500000001 0.026055555555555648
3 0.06904166666666667 0.8156388888888889 0.03729687500000001 0.026055555555555648
3 0.0609375 0.906888888888889 0.03729687500000001 0.026055555555555648
3 0.06980729166666667 0.8773796296296297 0.03729687500000001 0.026055555555555648
3 0.18210416666666665 0.8478611111111112 0.03729687500000001 0.026055555555555648
3 0.17940104166666665 0.8142314814814815 0.03729687500000001 0.026055555555555648
3 0.10183333333333335 0.8423611111111111 0.03729687500000001 0.026055555555555648
3 0.10144270833333334 0.8183333333333332 0.03729687500000001 0.026055555555555648
3 0.22377083333333334 0.7847037037037037 0.03729687500000001 0.026055555555555648
3 0.10375520833333333 0.9335925925925925 0.03729687500000001 0.026055555555555648
3 0.1820885416666667 0.5500185185185185 0.03729687500000001 0.026055555555555648
3 0.066359375 0.46505555555555556 0.03729687500000001 0.026055555555555596
3 0.103015625 0.49181481481481476 0.03729687500000001 0.026055555555555648
3 0.06558333333333334 0.4952314814814815 0.03729687499999999 0.026055555555555648
3 0.222640625 0.4794444444444444 0.03729687500000001 0.026055555555555596
3 0.050140625 0.42660185185185184 0.03729687499999999 0.026055555555555544
3 0.293640625 0.2008425925925926 0.037296874999999945 0.026055555555555544
3 0.10107812499999999 0.34562037037037036 0.03729687500000001 0.026055555555555544
3 0.4217552083333333 0.18710185185185185 0.037296874999999945 0.026055555555555544