4 0.177001953125 0.13802083333333334 0.03759765625 0.02490234375
4 0.177001953125 0.1674262152777778 0.0379638671875 0.025689019097222224
4 0.30078125 0.1072048611111111 0.029205322265625 0.025580512152777776
4 0.13134765625 0.125 0.0299835205078125 0.04334852430555555
4 0.220703125 0.1648220486111111 0.035888671875 0.025987413194444444
4 0.08880615234375 0.1691623263888889 0.0333251953125 0.023871527777777776
4 0.45654296875 0.1615668402777778 0.0303802490234375 0.022271050347222224
4 0.81494140625 0.15104166666666666 0.03192138671875 0.022189670138888888
4 0.220703125 0.22374131944444445 0.03302001953125 0.022705078125
4 0.174072265625 0.2016059027777778 0.038818359375 0.024332682291666668
4 0.5400390625 0.1713324652777778 0.03338623046875 0.023410373263888888
4 0.09619140625 0.1967230902777778 0.0294189453125 0.021592881944444444
4 0.2220458984375 0.2534722222222222 0.033966064453125 0.027208116319444444
4 0.30029296875 0.2545572916666667 0.03460693359375 0.023600260416666668
4 0.456298828125 0.18836805555555555 0.0295867919921875 0.023234049479166668
4 0.93115234375 0.031982421875 0.03271484375 0.025295681423611112
4 0.0987548828125 0.376953125 0.0295867919921875 0.022881401909722224
4 0.57666015625 0.12890625 0.029876708984375 0.025390625
4 0.6943359375 0.14908854166666666 0.0300445556640625 0.023152669270833332
4 0.338623046875 0.1665581597222222 0.03143310546875 0.0220947265625
4 0.09771728515625 0.4327256944444444 0.03314208984375 0.022976345486111112
4 0.94873046875 0.2361111111111111 0.0322265625 0.022705078125
4 0.779296875 0.14908854166666666 0.031982421875 0.022881401909722224
4 0.1834716796875 0.2573784722222222 0.03271484375 0.024522569444444444
4 0.09893798828125 0.2816840277777778 0.0299835205078125 0.023695203993055556
4 0.94775390625 0.7638888888888888 0.0323486328125 0.022189670138888888
4 0.337646484375 0.28125 0.031982421875 0.022881401909722224
4 0.5380859375 0.11968315972222222 0.03143310546875 0.02490234375
4 0.81396484375 0.18001302083333334 0.03173828125 0.022189670138888888
4 0.94677734375 0.263671875 0.0325927734375 0.022189670138888888
4 0.2188720703125 0.2860243055555556 0.0312042236328125 0.023871527777777776
4 0.77978515625 0.17838541666666666 0.0305633544921875 0.023871527777777776
4 0.3017578125 0.3120659722222222 0.03265380859375 0.023505316840277776
4 0.22216796875 0.7026909722222222 0.03594970703125 0.023966471354166668
4 0.220703125 0.4279513888888889 0.0300445556640625 0.023057725694444444
4 0.900390625 0.20301649305555555 0.03155517578125 0.024156358506944444
4 0.90478515625 0.1433376736111111 0.029541015625 0.023057725694444444
4 0.09912109375 0.22743055555555555 0.029205322265625 0.025580512152777776
4 0.9453125 0.2072482638888889 0.032958984375 0.024617513020833332
4 0.335693359375 0.2515190972222222 0.03271484375 0.025092230902777776
4 0.1822509765625 0.4305555555555556 0.034881591796875 0.022705078125
4 0.1865234375 0.64453125 0.0316162109375 0.021674262152777776
4 0.420166015625 0.1618923611111111 0.03314208984375 0.026190863715277776
4 0.3369140625 0.3986545138888889 0.030914306640625 0.023234049479166668
4 0.217529296875 0.3148871527777778 0.0305023193359375 0.022623697916666668
4 0.94921875 0.4372829861111111 0.031982421875 0.021931966145833332
4 0.90478515625 0.5308159722222222 0.03021240234375 0.022705078125
4 0.904296875 0.3506944444444444 0.0369873046875 0.024332682291666668
4 0.2176513671875 0.5225694444444444 0.0325927734375 0.023505316840277776
4 0.335205078125 0.1162109375 0.0313720703125 0.023234049479166668
4 0.8154296875 0.7356770833333334 0.03265380859375 0.021023220486111112
4 0.5419921875 0.20833333333333334 0.028594970703125 0.0220947265625
4 0.65673828125 0.1808810763888889 0.0318603515625 0.025295681423611112
4 0.7314453125 0.35546875 0.034698486328125 0.04006618923611111
4 0.279052734375 0.3988715277777778 0.03204345703125 0.0203857421875
4 0.0943603515625 0.4644097222222222 0.03460693359375 0.022352430555555556
4 0.0171051025390625 0.5603298611111112 0.03021240234375 0.031982421875
4 0.94677734375 0.291015625 0.03253173828125 0.0218505859375
4 0.9013671875 0.4108072916666667 0.033782958984375 0.024427625868055556
4 0.182373046875 0.3444010416666667 0.033721923828125 0.022189670138888888
4 0.06890869140625 0.9357638888888888 0.03155517578125 0.025200737847222224
4 0.81298828125 0.2097439236111111 0.03228759765625 0.0218505859375
4 0.9033203125 0.7052951388888888 0.0330810546875 0.021185980902777776
4 0.1827392578125 0.2875434027777778 0.0343017578125 0.023966471354166668
4 0.818359375 0.4385850694444444 0.033966064453125 0.023410373263888888
4 0.7783203125 0.7365451388888888 0.033538818359375 0.021755642361111112
4 0.89892578125 0.23524305555555555 0.0333251953125 0.022623697916666668
4 0.183837890625 0.7296006944444444 0.03216552734375 0.023871527777777776
4 0.78076171875 0.2677951388888889 0.030914306640625 0.021267361111111112
4 0.224365234375 0.9053819444444444 0.0309600830078125 0.022881401909722224
4 0.6591796875 0.3552517361111111 0.0318603515625 0.022352430555555556
4 0.94580078125 0.322265625 0.03179931640625 0.022447374131944444
4 0.337646484375 0.2172309027777778 0.0301055908203125 0.021267361111111112
4 0.342529296875 0.8684895833333334 0.029876708984375 0.022352430555555556
4 0.42724609375 0.8984375 0.0312042236328125 0.023871527777777776
4 0.216064453125 0.5538194444444444 0.03240966796875 0.021755642361111112
4 0.951171875 0.8532986111111112 0.030914306640625 0.022013346354166668
4 0.302734375 0.8142361111111112 0.030731201171875 0.021592881944444444
4 0.86474609375 0.5516493055555556 0.017181396484375 0.04847547743055555
4 0.89990234375 0.2667100694444444 0.03204345703125 0.0220947265625
4 0.51171875 0.9704861111111112 0.0274810791015625 0.03648546006944445
4 0.061309814453125 0.375 0.034820556640625 0.023871527777777776
4 0.77783203125 0.7916666666666666 0.03167724609375 0.022976345486111112
4 0.3369140625 0.310546875 0.030731201171875 0.022013346354166668
4 0.337890625 0.61328125 0.028656005859375 0.0218505859375
4 0.220703125 0.8142361111111112 0.037261962890625 0.025689019097222224
4 0.22607421875 0.8463541666666666 0.0301055908203125 0.022705078125
4 0.81982421875 0.8541666666666666 0.0323486328125 0.023328993055555556
4 0.10797119140625 0.5212673611111112 0.029144287109375 0.023505316840277776
4 0.90185546875 0.5876736111111112 0.0310821533203125 0.021674262152777776
4 0.22216796875 0.7552083333333334 0.032470703125 0.023776584201388888
4 0.90478515625 0.8493923611111112 0.037689208984375 0.024617513020833332
4 0.0975341796875 0.7903645833333334 0.039276123046875 0.023966471354166668
4 0.3076171875 0.9010416666666666 0.0310211181640625 0.023410373263888888
4 0.1014404296875 0.9652777777777778 0.0321044921875 0.024997287326388888
4 0.422119140625 0.24522569444444445 0.0292510986328125 0.023234049479166668
4 0.77978515625 0.23719618055555555 0.033660888671875 0.02587890625
4 0.1827392578125 0.3732638888888889 0.0323486328125 0.022623697916666668
4 0.10394287109375 0.9079861111111112 0.0325927734375 0.024427625868055556
4 0.3388671875 0.3385416666666667 0.0311431884765625 0.021185980902777776
4 0.345458984375 0.7261284722222222 0.0289764404296875 0.023871527777777776
4 0.9462890625 0.3522135416666667 0.0316162109375 0.022352430555555556
4 0.814453125 0.2955729166666667 0.0309600830078125 0.022528754340277776
4 0.6982421875 0.734375 0.030914306640625 0.022271050347222224
4 0.81689453125 0.5295138888888888 0.03143310546875 0.022528754340277776
4 0.42578125 0.9548611111111112 0.03179931640625 0.023328993055555556
4 0.224609375 0.9314236111111112 0.031494140625 0.023410373263888888
4 0.77978515625 0.41015625 0.03216552734375 0.021267361111111112
4 0.464111328125 0.8389756944444444 0.0322265625 0.022352430555555556
4 0.216796875 0.3450520833333333 0.0305633544921875 0.024237738715277776
4 0.90087890625 0.1740451388888889 0.029754638671875 0.026692708333333332
4 0.185791015625 0.9331597222222222 0.03460693359375 0.024617513020833332
4 0.4599609375 0.8072916666666666 0.0296478271484375 0.023966471354166668
4 0.341796875 0.9565972222222222 0.0279083251953125 0.023152669270833332
4 0.3388671875 0.4891493055555556 0.0296478271484375 0.0218505859375
4 0.3056640625 0.9296875 0.033203125 0.023600260416666668
4 0.1829833984375 0.4895833333333333 0.033660888671875 0.0220947265625
4 0.061767578125 0.5260416666666666 0.03875732421875 0.027316623263888888
4 0.69873046875 0.7942708333333334 0.03448486328125 0.023600260416666668
4 0.814453125 0.3246527777777778 0.03253173828125 0.023600260416666668
4 0.77783203125 0.3537326388888889 0.030792236328125 0.022013346354166668
4 0.1876220703125 0.9045138888888888 0.030731201171875 0.022447374131944444
4 0.302490234375 0.3407118055555556 0.0300445556640625 0.022705078125
4 0.6630859375 0.8229166666666666 0.0310211181640625 0.024237738715277776
4 0.339599609375 0.6440972222222222 0.0290374755859375 0.021023220486111112
4 0.216552734375 0.6141493055555556 0.0299224853515625 0.021185980902777776
4 0.94775390625 0.46875 0.031494140625 0.021931966145833332
4 0.66259765625 0.8532986111111112 0.03131103515625 0.023152669270833332
4 0.783203125 0.8511284722222222 0.035003662109375 0.021674262152777776
4 0.814453125 0.2367621527777778 0.0305633544921875 0.022705078125
4 0.89697265625 0.4700520833333333 0.033599853515625 0.020304361979166668
4 0.697265625 0.8519965277777778 0.033843994140625 0.023234049479166668
4 0.186279296875 0.6727430555555556 0.03173828125 0.022447374131944444
4 0.21728515625 0.4583333333333333 0.0276336669921875 0.021755642361111112
4 0.779296875 0.4678819444444444 0.03192138671875 0.022013346354166668
4 0.42724609375 0.80859375 0.03179931640625 0.022447374131944444
4 0.78076171875 0.5902777777777778 0.0305023193359375 0.019911024305555556
4 0.2252197265625 0.9592013888888888 0.032958984375 0.024156358506944444
4 0.505859375 0.4320746527777778 0.015777587890625 0.055474175347222224
4 0.78125 0.5321180555555556 0.03143310546875 0.022013346354166668
4 0.344482421875 0.984375 0.0312042236328125 0.025689019097222224
4 0.371826171875 0.19032118055555555 0.0313720703125 0.04893663194444445
4 0.10577392578125 0.875 0.032958984375 0.025783962673611112
4 0.5419921875 0.7955729166666666 0.03179931640625 0.024712456597222224
4 0.3076171875 0.7547743055555556 0.0323486328125 0.022528754340277776
4 0.187255859375 0.8715277777777778 0.03662109375 0.032036675347222224
4 0.33740234375 0.5177951388888888 0.0299224853515625 0.026285807291666668
4 0.81884765625 0.4709201388888889 0.03265380859375 0.023410373263888888
4 0.303955078125 0.6128472222222222 0.033843994140625 0.021104600694444444
4 0.305419921875 0.9852430555555556 0.0352783203125 0.02490234375
4 0.54296875 0.8259548611111112 0.0333251953125 0.024522569444444444
4 0.66552734375 0.01251220703125 0.0144500732421875 0.022881401909722224
4 0.66064453125 0.2981770833333333 0.035003662109375 0.023600260416666668
4 0.68310546875 0.012322319878472222 0.01332855224609375 0.023410373263888888
4 0.779296875 0.3253038194444444 0.03228759765625 0.024712456597222224
4 0.310302734375 0.671875 0.0264129638671875 0.022528754340277776
4 0.80859375 0.008856879340277778 0.01507568359375 0.016289605034722224
4 0.0546875 0.6653645833333334 0.02508544921875 0.033148871527777776
4 0.06781005859375 0.9635416666666666 0.03338623046875 0.023234049479166668
4 0.300537109375 0.8407118055555556 0.0287628173828125 0.021185980902777776
4 0.81884765625 0.5620659722222222 0.030853271484375 0.021267361111111112
4 0.2230224609375 0.9861111111111112 0.02947998046875 0.024522569444444444
4 0.307861328125 0.7261284722222222 0.0276336669921875 0.023410373263888888
4 0.06500244140625 0.6189236111111112 0.035064697265625 0.021674262152777776
4 0.73681640625 0.010674370659722222 0.0164031982421875 0.020616319444444444
4 0.09771728515625 0.6154513888888888 0.03277587890625 0.019843207465277776
4 0.7802734375 0.2955729166666667 0.02880859375 0.022800021701388888
4 0.42529296875 0.9826388888888888 0.03125 0.022976345486111112
4 0.703125 0.0142822265625 0.0153656005859375 0.027425130208333332
4 0.423095703125 0.7287326388888888 0.03265380859375 0.020779079861111112
4 0.493408203125 0.8302951388888888 0.0173797607421875 0.05064561631944445
4 0.10125732421875 0.9904513888888888 0.0279083251953125 0.018934461805555556
4 0.08038330078125 0.6484375 0.025421142578125 0.030083550347222224
4 0.5771484375 0.8537326388888888 0.031494140625 0.024237738715277776
4 0.75537109375 0.012179904513888888 0.01363372802734375 0.022705078125
4 0.7724609375 0.010348849826388888 0.01467132568359375 0.019463433159722224
4 0.98486328125 0.7452256944444444 0.0257568359375 0.05319552951388889
4 0.73583984375 0.6241319444444444 0.01422882080078125 0.047119140625
4 0.79150390625 0.010145399305555556 0.01560211181640625 0.018500434027777776
4 0.8076171875 0.6206597222222222 0.045257568359375 0.024156358506944444
4 0.96484375 0.9513888888888888 0.032470703125 0.04115125868055555
4 0.72021484375 0.016221788194444444 0.015960693359375 0.030192057291666668
4 0.65478515625 0.1467013888888889 0.0384521484375 0.026692708333333332
4 0.10394287109375 0.6627604166666666 0.0244293212890625 0.035400390625
4 0.6982421875 0.17740885416666666 0.039642333984375 0.029378255208333332
4 0.50830078125 0.5963541666666666 0.011505126953125 0.055365668402777776
4 0.64892578125 0.011447482638888888 0.0154266357421875 0.020860460069444444
4 0.4443359375 0.04212782118055555 0.0177154541015625 0.015421549479166666