4 0.84375 0.35633333333333334 0.05331250000000007 0.09923148148148145
3 0.20009375000000001 0.6967592592592593 0.038515625000000026 0.12521296296296297
4 0.13659895833333333 0.3639351851851852 0.09533854166666665 0.10877777777777779
4 0.8950208333333334 0.34874074074074074 0.05770833333333343 0.0963518518518518
4 0.26489062499999994 0.3663240740740741 0.05090104166666665 0.09743518518518521
3 0.35134375 0.7005092592592592 0.02762499999999998 0.10780555555555561
4 0.5815416666666666 0.3537314814814815 0.05349479166666669 0.10742592592592591
4 0.6411145833333334 0.35915740740740737 0.050901041666666674 0.10014814814814813
4 0.9575208333333334 0.36610185185185184 0.059755208333333344 0.10014814814814813
4 0.05877604166666666 0.3704444444444444 0.05108854166666666 0.10780555555555552
4 0.7885729166666666 0.34591666666666665 0.046994791666666674 0.08881481481481478
4 0.395265625 0.7070277777777778 0.05572395833333334 0.10861111111111107
4 0.7397447916666666 0.35525 0.053713541666666725 0.10128703703703702
4 0.10949479166666665 0.7078981481481481 0.052338541666666655 0.0933703703703703
4 0.063109375 0.7035555555555556 0.049223958333333345 0.08735185185185178
4 0.1564947916666667 0.698787037037037 0.04958854166666667 0.0936944444444445
4 0.6010729166666666 0.7070277777777778 0.05014062499999999 0.09526851851851861
3 0.3101614583333333 0.6944537037037037 0.05801562500000005 0.10839814814814809
4 0.6977552083333334 0.7026944444444444 0.05252083333333341 0.11122222222222233
4 0.5463854166666666 0.6974814814814815 0.05340624999999998 0.10335185185185175
4 0.5245572916666666 0.36077777777777775 0.031203125000000043 0.09249999999999999
4 0.31640625 0.35959259259259263 0.03173958333333336 0.05474074074074074
3 0.7579270833333334 0.7195092592592593 0.04227083333333326 0.14594444444444454
4 0.22034375 0.3829074074074074 0.04493229166666666 0.14572222222222223
4 0.2455520833333333 0.700425925925926 0.031203124999999984 0.09250000000000008
4 0.471296875 0.35938888888888887 0.031203125000000043 0.09249999999999999
4 0.41765625 0.3628148148148148 0.031203125000000043 0.09249999999999999
4 0.3686458333333333 0.35387962962962966 0.031203125000000043 0.09249999999999999
3 0.8570989583333334 0.6831296296296296 0.04227083333333326 0.14594444444444435
3 0.6984947916666666 0.3764074074074074 0.04227083333333326 0.14594444444444446
3 0.5005260416666667 0.6872314814814815 0.042270833333333376 0.14594444444444435
3 0.6599010416666666 0.7126111111111111 0.04227083333333326 0.14594444444444454
3 0.45421354166666666 0.6872222222222223 0.042270833333333376 0.14594444444444435
4 0.1697998046875 0.14051649305555555 0.03875732421875 0.026584201388888888
4 0.294677734375 0.1083984375 0.0313720703125 0.025295681423611112
4 0.08123779296875 0.16981336805555555 0.03436279296875 0.022528754340277776
4 0.17041015625 0.16829427083333334 0.035736083984375 0.024712456597222224
4 0.2152099609375 0.16590711805555555 0.03515625 0.026380750868055556
4 0.17041015625 0.2016059027777778 0.036285400390625 0.024156358506944444
4 0.33349609375 0.1677517361111111 0.03155517578125 0.0218505859375
4 0.2139892578125 0.22547743055555555 0.03192138671875 0.022705078125
4 0.294677734375 0.2565104166666667 0.033538818359375 0.022352430555555556
4 0.21484375 0.2552083333333333 0.033782958984375 0.026896158854166668
4 0.0880126953125 0.19813368055555555 0.0309600830078125 0.022447374131944444
4 0.57080078125 0.13075086805555555 0.03021240234375 0.024997287326388888
4 0.80810546875 0.15342881944444445 0.032470703125 0.023152669270833332
4 0.4501953125 0.16395399305555555 0.0313720703125 0.023505316840277776
4 0.5322265625 0.12163628472222222 0.03204345703125 0.024997287326388888
4 0.53564453125 0.1728515625 0.03173828125 0.023505316840277776
4 0.414794921875 0.1615668402777778 0.03436279296875 0.025092230902777776
4 0.68798828125 0.1515842013888889 0.0284423828125 0.0220947265625
4 0.8974609375 0.14463975694444445 0.02801513671875 0.021511501736111112
4 0.4501953125 0.1896701388888889 0.0299835205078125 0.023234049479166668
3 0.2012939453125 0.9227430555555556 0.07574462890625 0.1501736111111111
4 0.09332275390625 0.2842881944444444 0.03131103515625 0.023600260416666668
4 0.173095703125 0.22374131944444445 0.0345458984375 0.024061414930555556
4 0.25390625 0.5421006944444444 0.0240936279296875 0.05162217881944445
4 0.8916015625 0.1765407986111111 0.0330810546875 0.024712456597222224
4 0.1771240234375 0.2578125 0.033538818359375 0.024997287326388888
4 0.33154296875 0.2523871527777778 0.030731201171875 0.022013346354166668
4 0.94091796875 0.7630208333333334 0.0330810546875 0.023234049479166668
4 0.77392578125 0.15071614583333334 0.030914306640625 0.022800021701388888
3 0.31884765625 0.9444444444444444 0.078369140625 0.11018880208333333
4 0.80712890625 0.1828342013888889 0.0309600830078125 0.022705078125
4 0.330810546875 0.11903211805555555 0.03338623046875 0.022800021701388888
4 0.417236328125 0.21875 0.0316162109375 0.022881401909722224
4 0.3310546875 0.21875 0.0296478271484375 0.021755642361111112
4 0.0975341796875 0.5243055555555556 0.03216552734375 0.023505316840277776
4 0.495849609375 0.2740885416666667 0.0268096923828125 0.03908962673611111
4 0.42236328125 0.9001736111111112 0.0310211181640625 0.024061414930555556
4 0.93896484375 0.2384982638888889 0.032958984375 0.022352430555555556
4 0.212890625 0.2884114583333333 0.0304412841796875 0.025092230902777776
4 0.2127685546875 0.3170572916666667 0.0299835205078125 0.023328993055555556
4 0.9365234375 0.2097439236111111 0.03265380859375 0.024427625868055556
4 0.6044921875 0.9427083333333334 0.0299224853515625 0.023152669270833332
4 0.176513671875 0.2886284722222222 0.034759521484375 0.024617513020833332
4 0.8056640625 0.21158854166666666 0.03240966796875 0.022447374131944444
4 0.89208984375 0.20540364583333334 0.0321044921875 0.022800021701388888
4 0.65087890625 0.18250868055555555 0.0313720703125 0.024617513020833332
4 0.39306640625 0.1896701388888889 0.0321044921875 0.023966471354166668
4 0.3369140625 0.8706597222222222 0.03155517578125 0.023057725694444444
4 0.7734375 0.1808810763888889 0.0302734375 0.02490234375
4 0.459228515625 0.8411458333333334 0.03167724609375 0.022976345486111112
4 0.80908203125 0.7352430555555556 0.033721923828125 0.021592881944444444
4 0.92236328125 0.03819444444444445 0.034088134765625 0.032036675347222224
4 0.9365234375 0.29296875 0.03338623046875 0.022271050347222224
4 0.1805419921875 0.6480034722222222 0.03155517578125 0.022800021701388888
4 0.44921875 0.24913194444444445 0.02838134765625 0.022528754340277776
4 0.53564453125 0.21082899305555555 0.0296478271484375 0.023152669270833332
3 0.082275390625 0.9357638888888888 0.073974609375 0.12608506944444445
4 0.2119140625 0.5564236111111112 0.031982421875 0.023057725694444444
4 0.939453125 0.2649739583333333 0.0312042236328125 0.021931966145833332
4 0.81201171875 0.8528645833333334 0.03302001953125 0.023871527777777776
4 0.29638671875 0.81640625 0.0313720703125 0.022447374131944444
4 0.54638671875 0.9487847222222222 0.033203125 0.026380750868055556
4 0.296875 0.341796875 0.03179931640625 0.021592881944444444
4 0.419921875 0.9565972222222222 0.03271484375 0.024156358506944444
4 0.332763671875 0.6158854166666666 0.0287017822265625 0.0220947265625
4 0.8935546875 0.5876736111111112 0.035675048828125 0.022705078125
4 0.8974609375 0.5308159722222222 0.0304412841796875 0.022976345486111112
4 0.8955078125 0.23741319444444445 0.0290374755859375 0.023505316840277776
4 0.328857421875 0.5529513888888888 0.0289764404296875 0.021755642361111112
4 0.2203369140625 0.8506944444444444 0.0310821533203125 0.022705078125
4 0.2099609375 0.6158854166666666 0.03265380859375 0.020860460069444444
4 0.8935546875 0.2667100694444444 0.0310211181640625 0.0201416015625
4 0.3017578125 0.9027777777777778 0.0318603515625 0.024617513020833332
4 0.88916015625 0.4704861111111111 0.035400390625 0.021931966145833332
4 0.057281494140625 0.6215277777777778 0.03302001953125 0.022013346354166668
4 0.1773681640625 0.4917534722222222 0.034423828125 0.021931966145833332
4 0.8974609375 0.8480902777777778 0.038116455078125 0.025390625
4 0.294921875 0.3133680555555556 0.03314208984375 0.021104600694444444
4 0.33203125 0.3118489583333333 0.029083251953125 0.020697699652777776
4 0.091064453125 0.6176215277777778 0.03314208984375 0.019463433159722224
4 0.501953125 0.4809027777777778 0.01495361328125 0.05674913194444445
4 0.7734375 0.5907118055555556 0.03167724609375 0.021430121527777776
4 0.94287109375 0.8515625 0.0310821533203125 0.023152669270833332
4 0.296142578125 0.5538194444444444 0.033203125 0.021267361111111112
4 0.69677734375 0.016031901041666668 0.01507568359375 0.03076171875
4 0.33154296875 0.5203993055555556 0.0301055908203125 0.024807400173611112
4 0.8095703125 0.5299479166666666 0.03228759765625 0.022271050347222224
4 0.053985595703125 0.5277777777777778 0.039337158203125 0.029052734375
4 0.1798095703125 0.67578125 0.0318603515625 0.022705078125
4 0.29736328125 0.6145833333333334 0.035552978515625 0.021592881944444444
4 0.88916015625 0.2944878472222222 0.0309600830078125 0.022976345486111112
4 0.334716796875 0.6449652777777778 0.029815673828125 0.022976345486111112
4 0.74853515625 0.014444986979166666 0.0139007568359375 0.028157552083333332
4 0.5390625 0.8268229166666666 0.0322265625 0.023152669270833332
4 0.677734375 0.014051649305555556 0.01358795166015625 0.026692708333333332
4 0.09075927734375 0.2289496527777778 0.032958984375 0.026801215277777776
4 0.66015625 0.013420952690972222 0.01483917236328125 0.025390625
4 0.77587890625 0.5325520833333334 0.0310821533203125 0.022528754340277776
4 0.81103515625 0.5625 0.0311431884765625 0.021511501736111112
4 0.18310546875 0.8758680555555556 0.034820556640625 0.03135850694444445
4 0.80126953125 0.010145399305555556 0.01467132568359375 0.018364800347222224
4 0.76611328125 0.012369791666666666 0.01495361328125 0.022976345486111112
4 0.42041015625 0.9852430555555556 0.033721923828125 0.023600260416666668
4 0.7294921875 0.01251220703125 0.016021728515625 0.024156358506944444
4 0.71337890625 0.0174560546875 0.01519012451171875 0.03260633680555555
4 0.29541015625 0.8433159722222222 0.03021240234375 0.021674262152777776
4 0.09930419921875 0.8797743055555556 0.033782958984375 0.02587890625
4 0.57421875 0.8246527777777778 0.03216552734375 0.022623697916666668
4 0.498291015625 0.9626736111111112 0.0257110595703125 0.0498046875
4 0.572265625 0.8550347222222222 0.03155517578125 0.02490234375
4 0.295654296875 0.4895833333333333 0.035736083984375 0.023234049479166668
4 0.046478271484375 0.6697048611111112 0.0264129638671875 0.036078559027777776
4 0.78515625 0.011447482638888888 0.0141754150390625 0.021104600694444444
4 0.642578125 0.012417263454861112 0.0154266357421875 0.023871527777777776
4 0.80078125 0.62109375 0.044525146484375 0.024427625868055556
4 0.65087890625 0.1486545138888889 0.038238525390625 0.027533637152777776
4 0.99072265625 0.2615017361111111 0.01763916015625 0.042182074652777776
4 0.0738525390625 0.65234375 0.023101806640625 0.03309461805555555
4 0.61181640625 0.8719618055555556 0.01519012451171875 0.059244791666666664
4 0.6923828125 0.18033854166666666 0.04046630859375 0.028266059027777776
4 0.097900390625 0.6649305555555556 0.0230255126953125 0.03407118055555555
4 0.41748046875 0.11555989583333333 0.036834716796875 0.026692708333333332
4 0.05718994140625 0.3053385416666667 0.0221099853515625 0.03323025173611111