3 0.22240798905160697 0.3709887934056046 0.040302089214325085 0.03175810938140705
4 0.1766357421875 0.13802083333333334 0.036834716796875 0.025092230902777776
4 0.1763916015625 0.1677517361111111 0.03839111328125 0.026082356770833332
4 0.29931640625 0.10801866319444445 0.0297088623046875 0.025200737847222224
4 0.08770751953125 0.1691623263888889 0.03271484375 0.024156358506944444
4 0.219970703125 0.16536458333333334 0.035614013671875 0.027316623263888888
4 0.454345703125 0.1633029513888889 0.0312042236328125 0.022800021701388888
4 0.1744384765625 0.201171875 0.0374755859375 0.024807400173611112
4 0.218994140625 0.22395833333333334 0.03277587890625 0.022528754340277776
4 0.8134765625 0.1518012152777778 0.03143310546875 0.022705078125
4 0.298583984375 0.2554253472222222 0.033721923828125 0.023057725694444444
4 0.454345703125 0.1899956597222222 0.029754638671875 0.023057725694444444
4 0.5380859375 0.1728515625 0.03277587890625 0.024617513020833332
4 0.693359375 0.15071614583333334 0.0295867919921875 0.023966471354166668
4 0.57421875 0.13053385416666666 0.029541015625 0.02490234375
4 0.094482421875 0.1967230902777778 0.0295867919921875 0.022352430555555556
4 0.219482421875 0.2543402777777778 0.033966064453125 0.027316623263888888
4 0.097900390625 0.3767361111111111 0.028167724609375 0.022352430555555556
4 0.1341552734375 0.11555989583333333 0.0279083251953125 0.04942491319444445
4 0.9443359375 0.23914930555555555 0.03271484375 0.022623697916666668
4 0.0966796875 0.4327256944444444 0.03289794921875 0.022800021701388888
4 0.3369140625 0.16688368055555555 0.0312042236328125 0.021931966145833332
4 0.9267578125 0.035590277777777776 0.03521728515625 0.027208116319444444
4 0.90185546875 0.1459418402777778 0.0284881591796875 0.024156358506944444
4 0.09808349609375 0.2819010416666667 0.0299835205078125 0.023505316840277776
4 0.9453125 0.7643229166666666 0.03216552734375 0.021348741319444444
4 0.419677734375 0.1613498263888889 0.0333251953125 0.024427625868055556
4 0.21728515625 0.2862413194444444 0.0306243896484375 0.024617513020833332
4 0.181396484375 0.2578125 0.0330810546875 0.025200737847222224
4 0.7783203125 0.1501736111111111 0.02947998046875 0.022623697916666668
4 0.3349609375 0.251953125 0.03179931640625 0.023152669270833332
4 0.81103515625 0.18250868055555555 0.0316162109375 0.022271050347222224
4 0.335205078125 0.2819010416666667 0.0305633544921875 0.022352430555555556
4 0.8095703125 0.21158854166666666 0.03302001953125 0.022189670138888888
4 0.8984375 0.20475260416666666 0.0310821533203125 0.022800021701388888
4 0.30078125 0.3118489583333333 0.03125 0.024332682291666668
4 0.9423828125 0.208984375 0.0323486328125 0.025092230902777776
4 0.2186279296875 0.4286024305555556 0.03021240234375 0.022705078125
4 0.421630859375 0.21842447916666666 0.0310821533203125 0.022881401909722224
4 0.9443359375 0.2649739583333333 0.03253173828125 0.022705078125
4 0.77880859375 0.18033854166666666 0.0305633544921875 0.024522569444444444
4 0.53662109375 0.12141927083333333 0.0302734375 0.024617513020833332
4 0.334228515625 0.11751302083333333 0.029083251953125 0.022623697916666668
4 0.1822509765625 0.34375 0.03271484375 0.022013346354166668
4 0.29296875 0.40234375 0.0312042236328125 0.019761827256944444
4 0.5400390625 0.2097439236111111 0.0296478271484375 0.022976345486111112
4 0.2215576171875 0.7026909722222222 0.033599853515625 0.023234049479166668
4 0.217529296875 0.3153211805555556 0.02886962890625 0.022271050347222224
4 0.89990234375 0.2367621527777778 0.0296478271484375 0.022189670138888888
4 0.9013671875 0.5321180555555556 0.0289306640625 0.022976345486111112
4 0.185302734375 0.6449652777777778 0.0316162109375 0.021430121527777776
4 0.06793212890625 0.9348958333333334 0.03228759765625 0.02587890625
4 0.90185546875 0.5876736111111112 0.03033447265625 0.021755642361111112
4 0.56201171875 0.9427083333333334 0.0284881591796875 0.023600260416666668
4 0.81201171875 0.7361111111111112 0.03240966796875 0.021104600694444444
4 0.81689453125 0.4405381944444444 0.03594970703125 0.023871527777777776
4 0.5703125 0.2710503472222222 0.0318603515625 0.022623697916666668
4 0.94482421875 0.4385850694444444 0.0309600830078125 0.022189670138888888
4 0.341552734375 0.8684895833333334 0.03021240234375 0.022528754340277776
4 0.060302734375 0.3747829861111111 0.0360107421875 0.023966471354166668
4 0.216796875 0.5208333333333334 0.031494140625 0.023234049479166668
4 0.89892578125 0.7057291666666666 0.034027099609375 0.020697699652777776
4 0.943359375 0.2934027777777778 0.03216552734375 0.021931966145833332
4 0.10595703125 0.5217013888888888 0.029754638671875 0.024156358506944444
4 0.182373046875 0.7296006944444444 0.03228759765625 0.023695203993055556
4 0.1807861328125 0.4309895833333333 0.0352783203125 0.022976345486111112
4 0.77783203125 0.2693142361111111 0.0309600830078125 0.021931966145833332
4 0.2242431640625 0.8467881944444444 0.0299224853515625 0.022976345486111112
4 0.42626953125 0.8975694444444444 0.03216552734375 0.024617513020833332
4 0.2191162109375 0.8142361111111112 0.03656005859375 0.025580512152777776
4 0.2230224609375 0.9053819444444444 0.030914306640625 0.022705078125
4 0.86865234375 0.3031684027777778 0.0229339599609375 0.047309027777777776
4 0.77587890625 0.7369791666666666 0.032958984375 0.021511501736111112
4 0.09271240234375 0.4644097222222222 0.034759521484375 0.021931966145833332
4 0.2149658203125 0.5542534722222222 0.03204345703125 0.022352430555555556
4 0.0975341796875 0.2280815972222222 0.0299835205078125 0.024712456597222224
4 0.947265625 0.8528645833333334 0.03021240234375 0.0218505859375
4 0.33642578125 0.2177734375 0.03021240234375 0.0220947265625
4 0.77587890625 0.7916666666666666 0.0306243896484375 0.022447374131944444
4 0.89794921875 0.1752387152777778 0.0301055908203125 0.025485568576388888
4 0.8994140625 0.2677951388888889 0.0318603515625 0.021185980902777776
4 0.3359375 0.400390625 0.0305023193359375 0.022352430555555556
4 0.1007080078125 0.9079861111111112 0.03533935546875 0.025092230902777776
4 0.9423828125 0.3237847222222222 0.03143310546875 0.022013346354166668
4 0.305908203125 0.9001736111111112 0.03143310546875 0.023505316840277776
4 0.77685546875 0.2384982638888889 0.03326416015625 0.025580512152777776
4 0.300537109375 0.8133680555555556 0.0300445556640625 0.021511501736111112
4 0.339599609375 0.9557291666666666 0.0284881591796875 0.023152669270833332
4 0.05987548828125 0.5256076388888888 0.03802490234375 0.027859157986111112
4 0.65478515625 0.18250868055555555 0.03167724609375 0.025390625
4 0.1859130859375 0.9045138888888888 0.03131103515625 0.023328993055555556
4 0.335693359375 0.3109809027777778 0.0300445556640625 0.021023220486111112
4 0.0970458984375 0.7899305555555556 0.039794921875 0.024617513020833332
4 0.90087890625 0.8493923611111112 0.037750244140625 0.024997287326388888
4 0.94384765625 0.353515625 0.030792236328125 0.022447374131944444
4 0.8173828125 0.8541666666666666 0.03173828125 0.023234049479166668
4 0.182373046875 0.3739149305555556 0.031982421875 0.022528754340277776
4 0.09930419921875 0.9652777777777778 0.0318603515625 0.024617513020833332
4 0.337890625 0.6432291666666666 0.028594970703125 0.021592881944444444
4 0.382080078125 0.1867404513888889 0.030792236328125 0.03209092881944445
4 0.45849609375 0.8072916666666666 0.0299224853515625 0.023695203993055556
4 0.22021484375 0.7552083333333334 0.0322265625 0.023695203993055556
4 0.810546875 0.2384982638888889 0.030731201171875 0.022881401909722224
4 0.2230224609375 0.9314236111111112 0.0309600830078125 0.022976345486111112
4 0.89794921875 0.4116753472222222 0.035888671875 0.024427625868055556
4 0.8125 0.2970920138888889 0.0301055908203125 0.023152669270833332
4 0.77734375 0.4114583333333333 0.0305633544921875 0.021755642361111112
4 0.343505859375 0.7261284722222222 0.0305023193359375 0.022528754340277776
4 0.4248046875 0.9548611111111112 0.0311431884765625 0.023695203993055556
4 0.1842041015625 0.9322916666666666 0.034942626953125 0.02490234375
4 0.69482421875 0.8519965277777778 0.033203125 0.024617513020833332
4 0.69677734375 0.7352430555555556 0.0305633544921875 0.022271050347222224
4 0.30419921875 0.9296875 0.03326416015625 0.023505316840277776
4 0.333984375 0.5503472222222222 0.0303802490234375 0.023328993055555556
4 0.33935546875 0.6714409722222222 0.030731201171875 0.0201416015625
4 0.21484375 0.3454861111111111 0.0302734375 0.024156358506944444
4 0.89599609375 0.4709201388888889 0.030731201171875 0.020616319444444444
4 0.8134765625 0.5303819444444444 0.03192138671875 0.022447374131944444
4 0.7783203125 0.5911458333333334 0.03240966796875 0.022352430555555556
4 0.4619140625 0.8389756944444444 0.03179931640625 0.022352430555555556
4 0.94384765625 0.46875 0.029754638671875 0.023410373263888888
4 0.77783203125 0.4683159722222222 0.03125 0.023234049479166668
4 0.541015625 0.7955729166666666 0.032470703125 0.024997287326388888
4 0.2149658203125 0.6137152777777778 0.0309600830078125 0.021348741319444444
4 0.2161865234375 0.4587673611111111 0.0283355712890625 0.021592881944444444
4 0.7802734375 0.8506944444444444 0.0343017578125 0.0220947265625
4 0.301025390625 0.3409288194444444 0.0311431884765625 0.021755642361111112
4 0.8115234375 0.3266059027777778 0.033599853515625 0.023776584201388888
4 0.66064453125 0.8224826388888888 0.031494140625 0.024427625868055556
4 0.0966796875 0.6150173611111112 0.03204345703125 0.019911024305555556
4 0.77880859375 0.5329861111111112 0.03216552734375 0.022705078125
4 0.18505859375 0.6731770833333334 0.03173828125 0.022271050347222224
4 0.775390625 0.3543836805555556 0.0301513671875 0.021674262152777776
4 0.1044921875 0.8754340277777778 0.033203125 0.025689019097222224
4 0.181884765625 0.4900173611111111 0.033599853515625 0.021931966145833332
4 0.2252197265625 0.9592013888888888 0.03216552734375 0.023600260416666668
4 0.34228515625 0.984375 0.0309600830078125 0.02587890625
4 0.06304931640625 0.6167534722222222 0.0328369140625 0.0218505859375
4 0.42529296875 0.80859375 0.03192138671875 0.021592881944444444
4 0.185791015625 0.8719618055555556 0.03607177734375 0.03076171875
4 0.336669921875 0.4895833333333333 0.0305023193359375 0.020779079861111112
4 0.337646484375 0.3385416666666667 0.03033447265625 0.0203857421875
4 0.303955078125 0.9852430555555556 0.03515625 0.024712456597222224
4 0.66064453125 0.8537326388888888 0.0313720703125 0.022976345486111112
4 0.302734375 0.6124131944444444 0.033660888671875 0.021430121527777776
4 0.541015625 0.8263888888888888 0.033538818359375 0.023695203993055556
4 0.81689453125 0.4717881944444444 0.03240966796875 0.022189670138888888
4 0.33642578125 0.5190972222222222 0.0299224853515625 0.025200737847222224
4 0.50390625 0.4340277777777778 0.0169830322265625 0.05783420138888889
4 0.68115234375 0.013420952690972222 0.01358795166015625 0.025390625
4 0.3056640625 0.7547743055555556 0.033203125 0.021931966145833332
4 0.06585693359375 0.9635416666666666 0.03265380859375 0.023505316840277776
4 0.22119140625 0.9852430555555556 0.029541015625 0.024156358506944444
4 0.66064453125 0.2992621527777778 0.03314208984375 0.023234049479166668
4 0.42431640625 0.9835069444444444 0.031494140625 0.023505316840277776
4 0.77783203125 0.3268229166666667 0.0330810546875 0.024807400173611112
4 0.66357421875 0.012708875868055556 0.0141754150390625 0.024061414930555556
4 0.29931640625 0.8402777777777778 0.029541015625 0.020860460069444444
4 0.77734375 0.2973090277777778 0.0309600830078125 0.022976345486111112
4 0.052703857421875 0.6662326388888888 0.024658203125 0.03477647569444445
4 0.80615234375 0.01007080078125 0.01495361328125 0.018649631076388888
4 0.7529296875 0.013264973958333334 0.01395416259765625 0.025295681423611112
4 0.305908203125 0.7265625 0.029205322265625 0.023600260416666668
4 0.8154296875 0.5629340277777778 0.0304412841796875 0.020534939236111112
4 0.90087890625 0.3515625 0.038909912109375 0.024712456597222224
4 0.70068359375 0.015977647569444444 0.0156707763671875 0.030653211805555556
4 0.57470703125 0.8541666666666666 0.0313720703125 0.023057725694444444
4 0.4873046875 0.5594618055555556 0.01267242431640625 0.04931640625
4 0.7705078125 0.011223687065972222 0.0144500732421875 0.021267361111111112
4 0.09930419921875 0.9904513888888888 0.02630615234375 0.018785264756944444
4 0.8037109375 0.62109375 0.045257568359375 0.023410373263888888
4 0.73486328125 0.011135525173611112 0.01554107666015625 0.020779079861111112
4 0.7900390625 0.011054144965277778 0.01554107666015625 0.019843207465277776
4 0.7744140625 0.9748263888888888 0.03216552734375 0.026082356770833332
4 0.90283203125 0.9626736111111112 0.03326416015625 0.023871527777777776
4 0.0782470703125 0.6497395833333334 0.0223236083984375 0.030897352430555556
4 0.72802734375 0.4578993055555556 0.02056884765625 0.052300347222222224
4 0.0046875 0.5587962962962963 0.009375 0.019444444444444445
4 0.7177734375 0.017727322048611112 0.0153045654296875 0.033148871527777776
4 0.9775390625 0.3098958333333333 0.024139404296875 0.054443359375
4 0.50634765625 0.6163194444444444 0.01287078857421875 0.05211046006944445
4 0.65576171875 0.14908854166666666 0.038818359375 0.028157552083333332
4 0.6962890625 0.18033854166666666 0.04132080078125 0.029269748263888888
4 0.64697265625 0.011806911892361112 0.01495361328125 0.022976345486111112
4 0.440185546875 0.6631944444444444 0.07183837890625 0.1218532986111111
4 0.10321044921875 0.6623263888888888 0.0231475830078125 0.034125434027777776