4 0.4197239583333333 0.4177222222222222 0.04083333333333338 0.023370370370370378
4 0.462890625 0.8389722222222222 0.03149479166666668 0.023148148148148147
4 0.220703125 0.755638888888889 0.03246875000000002 0.02297222222222217
4 0.7797864583333334 0.5334166666666667 0.032229166666666725 0.02252777777777771
4 0.22375520833333334 0.931425925925926 0.031020833333333307 0.023148148148148147
4 0.340578125 0.956601851851852 0.027953125000000037 0.023148148148148147
4 0.42480729166666664 0.9835092592592594 0.031614583333333356 0.02297222222222217
4 0.3046875 0.9296851851851852 0.03192187499999998 0.023962962962963064
4 0.426515625 0.8984351851851852 0.031796874999999974 0.024333333333333308
4 0.1857916666666667 0.6453981481481481 0.031203124999999984 0.021675925925926
4 0.18701041666666668 0.9045185185185185 0.0317395833333333 0.023333333333333376
4 0.4252916666666666 0.9557314814814816 0.03149479166666668 0.023509259259259247
4 0.3442395833333334 0.7265648148148148 0.029874999999999947 0.023407407407407384
4 0.8994166666666668 0.2675740740740741 0.031312499999999945 0.021509259259259277
4 0.662109375 0.8229166666666666 0.030958333333333362 0.024064814814814824
4 0.22351041666666666 0.9053796296296296 0.030213541666666663 0.022796296296296197
4 0.9028333333333334 0.5316851851851853 0.028703125000000065 0.02252777777777771
4 0.6606458333333334 0.8537314814814815 0.03161458333333324 0.022185185185185217
4 0.219484375 0.8151018518518518 0.037046875 0.025296296296296237
4 0.182984375 0.730037037037037 0.03234895833333334 0.02360185185185186
4 0.3068854166666667 0.9010462962962963 0.03079166666666661 0.024064814814814824
4 0.2995625 0.25563888888888886 0.03338541666666662 0.023407407407407384
4 0.22546354166666666 0.8467870370370371 0.030276041666666663 0.022444444444444454
4 0.21972916666666667 0.42903703703703705 0.030380208333333356 0.022268518518518476
4 0.7783229166666668 0.41124074074074074 0.031083333333333248 0.022185185185185217
4 0.9448229166666666 0.29318518518518516 0.03366145833333339 0.022444444444444454
4 0.7783229166666668 0.4683148148148148 0.031312499999999945 0.022009259259259242
4 0.9453125 0.35286111111111107 0.0321041666666666 0.023333333333333376
4 0.9438489583333334 0.32378703703703704 0.033083333333333326 0.02297222222222217
4 0.22180208333333334 0.9861111111111112 0.030104166666666644 0.024064814814814612
4 0.3046875 0.9861111111111112 0.03448437500000002 0.02415740740740754
4 0.343015625 0.9852407407407406 0.031083333333333366 0.02529629629629645
4 0.818359375 0.855037037037037 0.03185937500000004 0.022796296296296197
4 0.9013697916666668 0.588111111111111 0.03021354166666678 0.021851851851851768
4 0.10522395833333334 0.8754351851851853 0.03396354166666666 0.025583333333333434
4 0.2243645833333333 0.9592037037037038 0.033203125 0.023962962962963064
4 0.6958020833333334 0.852 0.03384375000000001 0.0242407407407408
4 0.06866666666666667 0.9348981481481482 0.03253125 0.025787037037036952
4 0.8139635416666666 0.7369814814814816 0.03173958333333336 0.020861111111111087
4 0.576171875 0.13053703703703703 0.029708333333333316 0.025
4 0.09552083333333333 0.19672222222222224 0.02975520833333333 0.022527777777777765
4 0.097046875 0.4333796296296296 0.033906249999999985 0.02297222222222217
4 0.44238541666666664 0.6614629629629629 0.07367187500000003 0.1245648148148148
4 0.5385729166666666 0.17285185185185187 0.0328385416666667 0.024157407407407384
4 0.4553229166666667 0.19 0.02947916666666662 0.022972222222222224
4 0.6938489583333334 0.1510462962962963 0.02964583333333337 0.02360185185185186
4 0.9467760416666666 0.4385833333333333 0.031312499999999945 0.022268518518518476
4 0.779296875 0.18000925925925926 0.030562499999999916 0.024620370370370348
4 0.18261979166666667 0.3743518518518519 0.03210416666666666 0.022351851851851838
4 0.09857291666666666 0.28212037037037035 0.03044270833333333 0.023509259259259247
0 0.22021354166666668 0.2250462962962963 0.032656250000000026 0.022620370370370377
4 0.08831770833333333 0.16949074074074075 0.03366145833333333 0.024157407407407384
4 0.9438489583333334 0.2086574074074074 0.03283854166666676 0.024898148148148135
4 0.22082291666666667 0.7026944444444444 0.035947916666666656 0.024157407407407332
4 0.2204583333333333 0.16569444444444442 0.03567708333333333 0.027111111111111086
4 0.9287135416666668 0.03407407407407407 0.033140625000000055 0.026083333333333333
4 0.537109375 0.12141666666666666 0.030104166666666703 0.024898148148148135
4 0.094359375 0.4652777777777778 0.035062499999999996 0.022527777777777765
4 0.18664583333333334 0.8719629629629629 0.03661979166666664 0.03160185185185195
4 0.9038072916666666 0.14496296296296296 0.029541666666666563 0.022620370370370377
4 0.7783229166666668 0.15017592592592593 0.030276041666666722 0.022972222222222224
4 0.7768541666666666 0.7374166666666666 0.03390624999999995 0.021935185185185235
4 0.10034375 0.9652777777777778 0.032041666666666656 0.02415740740740754
4 0.054197916666666665 0.6662314814814815 0.024750000000000005 0.03466666666666672
4 0.3063958333333333 0.7547777777777778 0.032895833333333374 0.021851851851851768
4 0.9028333333333334 0.849824074074074 0.03689583333333341 0.024712962962963013
4 0.06658854166666667 0.9635462962962964 0.03308333333333333 0.023148148148148147
4 0.178953125 0.2230925925925926 0.032838541666666644 0.023333333333333324
4 0.21972916666666667 0.255212962962963 0.03488020833333335 0.026805555555555596
4 0.8989270833333334 0.2361111111111111 0.03185937500000004 0.02333333333333335
4 0.06097395833333333 0.37587037037037035 0.03521875 0.02377777777777773
4 0.9462916666666668 0.46875 0.031369791666666674 0.024620370370370348
4 0.8969739583333334 0.47091666666666665 0.031020833333333307 0.021185185185185182
4 0.4201666666666667 0.1618888888888889 0.03347916666666665 0.02442592592592592
4 0.77734375 0.7921018518518519 0.031020833333333307 0.023148148148148147
4 0.8989270833333334 0.17469444444444443 0.03033333333333322 0.02637962962962964
4 0.300046875 0.10801851851851851 0.029375000000000047 0.02529629629629629
4 0.09722916666666667 0.7907962962962962 0.040010416666666666 0.024333333333333308
4 0.9462916666666668 0.7647592592592594 0.03283854166666676 0.022444444444444454
4 0.900390625 0.20399074074074075 0.03004687500000003 0.02558333333333333
4 0.33496354166666664 0.11773148148148149 0.029145833333333353 0.022527777777777765
4 0.8989270833333334 0.41232407407407407 0.03228645833333322 0.023870370370370344
4 0.3359375 0.21799074074074073 0.027479166666666662 0.022268518518518528
4 0.7817395833333334 0.8515648148148148 0.03515625 0.020944444444444342
4 0.9487291666666666 0.8537314814814815 0.03044270833333324 0.021935185185185235
4 0.09753645833333334 0.6154537037037038 0.03222916666666666 0.01908333333333324
4 0.098265625 0.3773888888888889 0.029250000000000012 0.02297222222222217
4 0.9458020833333334 0.2391481481481481 0.033083333333333326 0.02333333333333335
4 0.216796875 0.5212685185185185 0.03228645833333334 0.023333333333333376
4 0.182859375 0.4900185185185185 0.033140625 0.022351851851851946
4 0.182984375 0.34526851851851853 0.033083333333333326 0.022444444444444454
4 0.215578125 0.6150185185185185 0.030442708333333356 0.020944444444444342
4 0.18505729166666668 0.9331574074074074 0.03476041666666667 0.024620370370370296
4 0.3422864583333334 0.868925925925926 0.030624999999999975 0.022444444444444454
4 0.30176041666666664 0.8138055555555556 0.03079166666666661 0.021592592592592535
4 0.2170416666666667 0.4592037037037037 0.02886979166666664 0.022268518518518476
4 0.10632291666666666 0.5221388888888888 0.030500000000000003 0.02350925925925935
4 0.185546875 0.6736111111111112 0.03185937499999998 0.02252777777777771
4 0.17614583333333333 0.13877777777777778 0.03796354166666666 0.02587962962962962
4 0.3354479166666666 0.39951851851851855 0.03149479166666668 0.0227962962962963
4 0.060640625000000004 0.5260462962962963 0.03817708333333334 0.027537037037037044
4 0.21753125 0.3153240740740741 0.02975520833333333 0.022185185185185217
4 0.9038072916666666 0.7070277777777778 0.0301510416666666 0.020388888888888873
4 0.9458020833333334 0.26475925925925925 0.03283854166666676 0.023055555555555534
4 0.4592291666666667 0.8077222222222222 0.029203124999999965 0.023333333333333376
4 0.7788072916666666 0.5915833333333333 0.03185937500000004 0.022444444444444454
4 0.7758802083333334 0.35525 0.029036458333333334 0.022092592592592605
4 0.8139635416666666 0.15234259259259259 0.03265624999999991 0.023148148148148147
4 0.8178697916666666 0.471787037037037 0.032411458333333344 0.022879629629629663
4 0.218140625 0.28732407407407407 0.03050000000000003 0.024898148148148135
4 0.3376458333333333 0.16687962962962963 0.029708333333333316 0.022268518518518528
4 0.3361822916666667 0.28255555555555556 0.030854166666666672 0.023148148148148147
4 0.4553229166666667 0.16330555555555556 0.031312499999999945 0.022972222222222224
4 0.8149427083333334 0.5303796296296296 0.03114062499999998 0.020222222222222145
4 0.2160625 0.55425 0.03216666666666666 0.023407407407407384
4 0.8168958333333334 0.5629351851851853 0.030380208333333294 0.02069444444444436
4 0.21765104166666666 0.3454907407407407 0.028932291666666644 0.02377777777777773
4 0.17724479166666668 0.16774999999999998 0.037473958333333356 0.02578703703703706
4 0.3002916666666666 0.8407129629629629 0.029416666666666678 0.021509259259259277
4 0.5415052083333334 0.21007407407407408 0.029203125000000028 0.021592592592592587
4 0.5708020833333334 0.27104629629629634 0.03167708333333342 0.022527777777777817
4 0.4252916666666666 0.8085925925925925 0.03149479166666668 0.020944444444444342
4 0.8168958333333334 0.4403240740740741 0.03390624999999995 0.024712962962963013
4 0.6572291666666668 0.18250925925925926 0.032468750000000074 0.02442592592592592
4 0.8134791666666668 0.2975277777777778 0.03010416666666676 0.022879629629629663
4 0.301515625 0.3125 0.03372395833333333 0.023694444444444473
4 0.09857291666666666 0.22851851851851854 0.029479166666666678 0.02480555555555555
4 0.13781770833333334 0.11447222222222221 0.029588541666666652 0.045870370370370374
4 0.697265625 0.7951388888888888 0.03283854166666676 0.023148148148148147
4 0.18261979166666667 0.25781481481481483 0.03246875000000002 0.025203703703703728
4 0.1015625 0.9079907407407407 0.03555208333333333 0.02480555555555552
4 0.30176041666666664 0.34114814814814814 0.031203125000000043 0.022185185185185217
4 0.8100572916666666 0.2111574074074074 0.03347916666666677 0.022620370370370377
4 0.8125 0.1818611111111111 0.0323489583333334 0.022527777777777765
4 0.6977552083333334 0.7352407407407406 0.029541666666666563 0.022351851851851946
4 0.5415052083333334 0.8259537037037037 0.03347916666666671 0.023777777777777835
4 0.8125 0.3263888888888889 0.03277604166666658 0.023407407407407384
4 0.4223645833333334 0.21842592592592594 0.031557291666666626 0.022972222222222224
4 0.9018541666666666 0.35395370370370366 0.03869791666666676 0.029731481481481494
4 0.7534166666666666 0.012962962962962963 0.01373958333333339 0.025
4 0.3354479166666666 0.25260185185185186 0.03302083333333338 0.024712962962963013
4 0.286375 0.403212962962963 0.030276041666666722 0.02175925925925926
4 0.336671875 0.5195277777777778 0.029250000000000043 0.025481481481481466
4 0.3032239583333334 0.6132777777777778 0.03372395833333333 0.021851851851851768
4 0.3374010416666666 0.4900185185185185 0.030213541666666663 0.021027777777777812
4 0.7797864583333334 0.26910185185185187 0.030380208333333294 0.021675925925925897
4 0.8686510416666666 0.3784722222222222 0.020020833333333363 0.04758333333333332
4 0.576171875 0.8541666666666666 0.03185937500000004 0.024518518518518537
4 0.5537135416666668 0.9444444444444444 0.02854687499999997 0.023509259259259247
4 0.5053697916666666 0.4333796296296296 0.016526041666666675 0.05642592592592587
4 0.3361822916666667 0.31098148148148147 0.029874999999999947 0.021425925925925914
4 0.6821302083333334 0.013268518518518516 0.013223958333333266 0.025
4 0.10015625 0.9904537037037038 0.026505208333333325 0.018648148148148032
4 0.333984375 0.5503518518518519 0.030624999999999975 0.024518518518518537
4 0.07891666666666668 0.6497407407407407 0.023557291666666678 0.030759259259259285
4 0.3383802083333334 0.6427962962962963 0.02844270833333328 0.021509259259259277
4 0.7709947916666666 0.011268518518518518 0.014838541666666554 0.021185185185185185
4 0.8076197916666668 0.009462962962962961 0.015250000000000104 0.017592592592592594
4 0.7182604166666666 0.358287037037037 0.033203125 0.027314814814814816
4 0.184328125 0.2871111111111111 0.031020833333333366 0.022703703703703688
4 0.6645520833333334 0.012861111111111111 0.014333333333333325 0.02387037037037037
4 0.010666666666666666 0.5594629629629629 0.021333333333333333 0.02013888888888889
4 0.8129895833333334 0.2385 0.03079166666666661 0.022268518518518503
4 0.3071302083333334 0.7265648148148148 0.02947916666666662 0.023333333333333376
4 0.6606458333333334 0.2992592592592592 0.03408854166666657 0.023407407407407384
4 0.7358385416666666 0.011444444444444445 0.016161458333333437 0.021185185185185182
4 0.5434583333333334 0.7964444444444444 0.031203124999999984 0.0242407407407408
4 0.7788072916666666 0.23827777777777776 0.033140625000000055 0.026287037037037025
4 0.7290052083333334 0.5104166666666666 0.02229166666666676 0.05319444444444449
4 0.37793229166666664 0.18706481481481482 0.030916666666666613 0.03976851851851851
4 0.7817395833333334 0.32551851851851854 0.029036458333333334 0.02360185185185186
4 0.7788072916666666 0.29730555555555555 0.029203125000000087 0.022703703703703688
4 0.7016614583333334 0.01561111111111111 0.01590104166666677 0.029620370370370366
4 0.71875 0.01712962962962963 0.015776041666666647 0.03198148148148147
4 0.8051770833333334 0.6219629629629629 0.04501562499999991 0.023407407407407384
4 0.9599635416666668 0.9444444444444444 0.03283854166666676 0.03452777777777775
4 0.697265625 0.1796851851851852 0.04046874999999991 0.028944444444444436
4 0.6557604166666666 0.14887037037037038 0.03817708333333343 0.026490740740740752
4 0.3090833333333334 0.6718796296296297 0.027328125000000016 0.022703703703703688
4 0.9814479166666668 0.4947962962962963 0.025911458333333335 0.0544444444444444
4 0.7905260416666666 0.010759259259259258 0.01590104166666677 0.01952777777777778
4 0.8588854166666666 0.9782962962962962 0.030625000000000093 0.0260833333333334
4 0.6479479166666666 0.011712962962962963 0.014786458333333268 0.02226851851851852
4 0.5068385416666666 0.6076388888888888 0.013791666666666676 0.05281481481481478
4 0.10357812500000001 0.662324074074074 0.023072916666666672 0.034074074074074034
4 0.7973645833333334 0.3836851851851852 0.0360104166666666 0.030759259259259285
4 0.319578125 0.37065740740740744 0.03573437499999995 0.028731481481481455
4 0.06384375 0.30360185185185184 0.02029166666666667 0.03452777777777775
4 0.4401875 0.067 0.01864583333333331 0.015194444444444441
4 0.4672864583333334 0.03691666666666667 0.015671874999999957 0.014444444444444439