4 0.1729736328125 0.16861979166666666 0.038330078125 0.025295681423611112
4 0.296142578125 0.10801866319444445 0.03192138671875 0.02587890625
4 0.175537109375 0.13780381944444445 0.03607177734375 0.024617513020833332
4 0.1728515625 0.201171875 0.036712646484375 0.02490234375
4 0.218017578125 0.16569010416666666 0.035400390625 0.027425130208333332
4 0.0855712890625 0.1691623263888889 0.0328369140625 0.023966471354166668
4 0.217041015625 0.2243923611111111 0.03204345703125 0.023234049479166668
4 0.452392578125 0.1633029513888889 0.0312042236328125 0.023152669270833332
4 0.296875 0.2556423611111111 0.033782958984375 0.022881401909722224
4 0.451904296875 0.19032118055555555 0.03021240234375 0.023505316840277776
4 0.2176513671875 0.2543402777777778 0.034088134765625 0.027316623263888888
4 0.53662109375 0.1728515625 0.03314208984375 0.024332682291666668
4 0.09185791015625 0.1967230902777778 0.0296478271484375 0.0220947265625
4 0.57275390625 0.13075086805555555 0.0299835205078125 0.025200737847222224
4 0.095703125 0.376953125 0.0297088623046875 0.022447374131944444
4 0.6904296875 0.15125868055555555 0.03143310546875 0.023600260416666668
4 0.81103515625 0.1528862847222222 0.030731201171875 0.022881401909722224
4 0.53515625 0.1218532986111111 0.0311431884765625 0.024522569444444444
4 0.89990234375 0.1457248263888889 0.0280609130859375 0.0218505859375
4 0.41796875 0.1613498263888889 0.034027099609375 0.025092230902777776
4 0.1259765625 0.208984375 0.019195556640625 0.051703559027777776
4 0.09503173828125 0.4327256944444444 0.03271484375 0.022623697916666668
4 0.09619140625 0.2823350694444444 0.0294189453125 0.022705078125
4 0.94091796875 0.2387152777777778 0.03173828125 0.022013346354166668
4 0.334716796875 0.16688368055555555 0.032958984375 0.0218505859375
4 0.77587890625 0.15104166666666666 0.029144287109375 0.022352430555555556
4 0.09466552734375 0.2282986111111111 0.03131103515625 0.026285807291666668
4 0.80908203125 0.1831597222222222 0.0304412841796875 0.0218505859375
4 0.334228515625 0.2510850694444444 0.0293731689453125 0.022447374131944444
4 0.9423828125 0.7638888888888888 0.0322265625 0.022013346354166668
4 0.2158203125 0.2864583333333333 0.030670166015625 0.02490234375
4 0.1800537109375 0.2578125 0.03289794921875 0.025689019097222224
4 0.420166015625 0.2185329861111111 0.03179931640625 0.023328993055555556
4 0.10284423828125 0.5217013888888888 0.0313720703125 0.023410373263888888
4 0.333740234375 0.2821180555555556 0.0300445556640625 0.022189670138888888
4 0.89404296875 0.20616319444444445 0.0321044921875 0.022271050347222224
4 0.2166748046875 0.4290364583333333 0.030731201171875 0.022352430555555556
4 0.331787109375 0.1179470486111111 0.029144287109375 0.023152669270833332
4 0.93798828125 0.21082899305555555 0.0318603515625 0.023410373263888888
4 0.806640625 0.2121310763888889 0.03253173828125 0.0220947265625
4 0.216064453125 0.3157552083333333 0.029876708984375 0.023505316840277776
4 0.52685546875 0.9557291666666666 0.029815673828125 0.03347439236111111
4 0.2193603515625 0.7026909722222222 0.034942626953125 0.024061414930555556
4 0.058349609375 0.3741319444444444 0.035736083984375 0.023328993055555556
4 0.875 0.2966579861111111 0.027374267578125 0.03076171875
4 0.775390625 0.1808810763888889 0.0302734375 0.024061414930555556
4 0.923828125 0.03835720486111111 0.03424072265625 0.029730902777777776
4 0.81103515625 0.7348090277777778 0.034759521484375 0.021674262152777776
4 0.179931640625 0.3444010416666667 0.034027099609375 0.023057725694444444
4 0.281982421875 0.5203993055555556 0.03216552734375 0.033989800347222224
4 0.5771484375 0.9418402777777778 0.0287017822265625 0.023057725694444444
4 0.9423828125 0.4385850694444444 0.0305023193359375 0.021674262152777776
4 0.417724609375 0.24696180555555555 0.0310211181640625 0.022881401909722224
4 0.179931640625 0.4309895833333333 0.03521728515625 0.023328993055555556
4 0.94091796875 0.2658420138888889 0.0313720703125 0.021674262152777776
4 0.5380859375 0.2105034722222222 0.0302734375 0.022800021701388888
4 0.77490234375 0.2699652777777778 0.031494140625 0.0218505859375
4 0.183349609375 0.6453993055555556 0.03179931640625 0.0220947265625
4 0.18115234375 0.7300347222222222 0.03314208984375 0.023776584201388888
4 0.1790771484375 0.2877604166666667 0.034423828125 0.024427625868055556
4 0.333740234375 0.2177734375 0.0301513671875 0.022800021701388888
4 0.8994140625 0.53125 0.030731201171875 0.023234049479166668
4 0.06549072265625 0.9357638888888888 0.033203125 0.026584201388888888
4 0.8994140625 0.5868055555555556 0.031982421875 0.021931966145833332
4 0.05706787109375 0.5256076388888888 0.03759765625 0.028483072916666668
4 0.7744140625 0.23893229166666666 0.033599853515625 0.025200737847222224
4 0.810546875 0.4398871527777778 0.038177490234375 0.025485568576388888
4 0.09619140625 0.9079861111111112 0.039337158203125 0.026285807291666668
4 0.93994140625 0.2947048611111111 0.032470703125 0.021511501736111112
4 0.45166015625 0.248046875 0.0272674560546875 0.022528754340277776
4 0.2139892578125 0.5212673611111112 0.03204345703125 0.024332682291666668
4 0.80810546875 0.2979600694444444 0.03131103515625 0.023505316840277776
4 0.6533203125 0.1818576388888889 0.030731201171875 0.023776584201388888
4 0.77392578125 0.7361111111111112 0.03424072265625 0.021931966145833332
4 0.37890625 0.1877170138888889 0.0310821533203125 0.03285047743055555
4 0.218017578125 0.8151041666666666 0.03790283203125 0.025390625
4 0.42431640625 0.8984375 0.03179931640625 0.024237738715277776
4 0.09075927734375 0.4652777777777778 0.03424072265625 0.021755642361111112
4 0.89501953125 0.2682291666666667 0.03033447265625 0.020941840277777776
4 0.338623046875 0.8684895833333334 0.0301513671875 0.022352430555555556
4 0.298828125 0.8142361111111112 0.030914306640625 0.022271050347222224
4 0.8974609375 0.7057291666666666 0.0325927734375 0.020453559027777776
4 0.89404296875 0.4127604166666667 0.03643798828125 0.025689019097222224
4 0.1796875 0.3739149305555556 0.0321044921875 0.022447374131944444
4 0.2186279296875 0.7560763888888888 0.032958984375 0.023695203993055556
4 0.45751953125 0.8072916666666666 0.0300445556640625 0.023057725694444444
4 0.2208251953125 0.90625 0.030731201171875 0.022352430555555556
4 0.2137451171875 0.5542534722222222 0.0312042236328125 0.023328993055555556
4 0.7734375 0.7912326388888888 0.0303802490234375 0.021348741319444444
4 0.814453125 0.8532986111111112 0.0318603515625 0.022705078125
4 0.89501953125 0.1752387152777778 0.0301055908203125 0.025092230902777776
4 0.30419921875 0.9001736111111112 0.03179931640625 0.023328993055555556
4 0.298583984375 0.3407118055555556 0.0310211181640625 0.0218505859375
4 0.8974609375 0.23719618055555555 0.029144287109375 0.023328993055555556
4 0.3349609375 0.6137152777777778 0.02886962890625 0.021674262152777776
4 0.45947265625 0.8389756944444444 0.03271484375 0.022447374131944444
4 0.337890625 0.9565972222222222 0.02838134765625 0.023600260416666668
4 0.939453125 0.3240017361111111 0.0318603515625 0.022800021701388888
4 0.2132568359375 0.6150173611111112 0.030853271484375 0.020860460069444444
4 0.65625 0.7087673611111112 0.0321044921875 0.022447374131944444
4 0.061431884765625 0.6171875 0.034759521484375 0.021511501736111112
4 0.222412109375 0.8472222222222222 0.0302734375 0.022271050347222224
4 0.775390625 0.4108072916666667 0.03192138671875 0.021674262152777776
4 0.181640625 0.9331597222222222 0.034759521484375 0.024522569444444444
4 0.2132568359375 0.3454861111111111 0.03033447265625 0.024997287326388888
4 0.89794921875 0.8480902777777778 0.0379638671875 0.025200737847222224
4 0.09588623046875 0.6154513888888888 0.03143310546875 0.019232855902777776
4 0.890625 0.4704861111111111 0.03436279296875 0.021931966145833332
4 0.658203125 0.8224826388888888 0.03204345703125 0.024807400173611112
4 0.69482421875 0.734375 0.0301513671875 0.022271050347222224
4 0.9443359375 0.8524305555555556 0.0312042236328125 0.021348741319444444
4 0.81005859375 0.3263888888888889 0.032958984375 0.023057725694444444
4 0.1842041015625 0.9045138888888888 0.03143310546875 0.023328993055555556
4 0.33642578125 0.6432291666666666 0.0287628173828125 0.021267361111111112
4 0.421630859375 0.9548611111111112 0.03179931640625 0.025092230902777776
4 0.0975341796875 0.9670138888888888 0.030731201171875 0.025092230902777776
4 0.6923828125 0.8511284722222222 0.03277587890625 0.024427625868055556
4 0.179931640625 0.4900173611111111 0.033477783203125 0.021755642361111112
4 0.9404296875 0.3532986111111111 0.0309600830078125 0.022528754340277776
4 0.2208251953125 0.9322916666666666 0.030914306640625 0.023600260416666668
4 0.0938720703125 0.7899305555555556 0.0384521484375 0.024061414930555556
4 0.810546875 0.5299479166666666 0.03277587890625 0.022447374131944444
4 0.21337890625 0.4592013888888889 0.0289764404296875 0.022013346354166668
4 0.6943359375 0.7938368055555556 0.03204345703125 0.024156358506944444
4 0.1829833984375 0.6731770833333334 0.0328369140625 0.023152669270833332
4 0.341552734375 0.7265625 0.03021240234375 0.022623697916666668
4 0.337646484375 0.671875 0.0300445556640625 0.020453559027777776
4 0.5400390625 0.7955729166666666 0.0323486328125 0.024997287326388888
4 0.77587890625 0.4683159722222222 0.0309600830078125 0.022623697916666668
4 0.302490234375 0.9296875 0.03265380859375 0.023871527777777776
4 0.80859375 0.2387152777777778 0.03125 0.022623697916666668
4 0.4228515625 0.80859375 0.030792236328125 0.022013346354166668
4 0.94189453125 0.46875 0.0289306640625 0.023234049479166668
4 0.77490234375 0.5907118055555556 0.031494140625 0.021592881944444444
4 0.30078125 0.6128472222222222 0.033538818359375 0.020941840277777776
4 0.340087890625 0.9852430555555556 0.030914306640625 0.025092230902777776
4 0.77734375 0.5329861111111112 0.03125 0.0220947265625
4 0.77880859375 0.8498263888888888 0.035736083984375 0.0220947265625
4 0.30419921875 0.671875 0.0323486328125 0.024156358506944444
4 0.7744140625 0.3539496527777778 0.0310211181640625 0.022447374131944444
4 0.5390625 0.8259548611111112 0.033966064453125 0.023152669270833332
4 0.8037109375 0.010186089409722222 0.0150146484375 0.0184326171875
4 0.2213134765625 0.9600694444444444 0.03265380859375 0.024237738715277776
4 0.33447265625 0.51953125 0.0295867919921875 0.025390625
4 0.10211181640625 0.8763020833333334 0.033966064453125 0.02490234375
4 0.65869140625 0.8532986111111112 0.029876708984375 0.023234049479166668
4 0.81494140625 0.4713541666666667 0.03240966796875 0.022013346354166668
4 0.6796875 0.0142822265625 0.01337432861328125 0.026896158854166668
4 0.304443359375 0.7552083333333334 0.033477783203125 0.022189670138888888
4 0.302001953125 0.9861111111111112 0.0325927734375 0.024427625868055556
4 0.8125 0.5629340277777778 0.030792236328125 0.020779079861111112
4 0.0633544921875 0.9644097222222222 0.03271484375 0.023966471354166668
4 0.775390625 0.2979600694444444 0.029876708984375 0.021104600694444444
4 0.297607421875 0.8411458333333334 0.03033447265625 0.021430121527777776
4 0.50244140625 0.3383246527777778 0.01495361328125 0.04904513888888889
4 0.69873046875 0.016153971354166668 0.01519012451171875 0.030300564236111112
4 0.219482421875 0.9852430555555556 0.029144287109375 0.023871527777777776
4 0.75048828125 0.013631184895833334 0.013427734375 0.026285807291666668
4 0.66162109375 0.013678656684027778 0.0139007568359375 0.025580512152777776
4 0.18408203125 0.8719618055555556 0.036895751953125 0.032172309027777776
4 0.30419921875 0.7265625 0.0301513671875 0.023966471354166668
4 0.72509765625 0.4385850694444444 0.03167724609375 0.040473090277777776
4 0.421875 0.9826388888888888 0.0313720703125 0.023234049479166668
4 0.050506591796875 0.6653645833333334 0.02532958984375 0.034125434027777776
4 0.658203125 0.2992621527777778 0.03265380859375 0.023410373263888888
4 0.76806640625 0.012037489149305556 0.01450347900390625 0.022623697916666668
4 0.77783203125 0.3255208333333333 0.029541015625 0.02490234375
4 0.78662109375 0.011182996961805556 0.0147857666015625 0.020860460069444444
4 0.705078125 0.9791666666666666 0.0309600830078125 0.024332682291666668
4 0.419677734375 0.7287326388888888 0.03173828125 0.0218505859375
4 0.50439453125 0.4752604166666667 0.01384735107421875 0.05381944444444445
4 0.57568359375 0.8237847222222222 0.03228759765625 0.022447374131944444
4 0.7314453125 0.011942545572916666 0.0162200927734375 0.023152669270833332
4 0.57373046875 0.8532986111111112 0.0302734375 0.023871527777777776
4 0.09686279296875 0.9904513888888888 0.0279083251953125 0.018866644965277776
4 0.80224609375 0.6202256944444444 0.044769287109375 0.024061414930555556
4 0.62109375 0.9071180555555556 0.024383544921875 0.052897135416666664
4 0.89892578125 0.35546875 0.036163330078125 0.03135850694444445
4 0.7158203125 0.018012152777777776 0.01507568359375 0.03355577256944445
4 0.65234375 0.1488715277777778 0.03790283203125 0.027004665798611112
4 0.64453125 0.012369791666666666 0.0153045654296875 0.023871527777777776
4 0.10089111328125 0.6631944444444444 0.023773193359375 0.03526475694444445
4 0.07598876953125 0.6497395833333334 0.0241851806640625 0.032280815972222224
4 0.69482421875 0.18033854166666666 0.040252685546875 0.027628580729166668
4 0.5048828125 0.6193576388888888 0.0131683349609375 0.056206597222222224