4 0.5382738288658874 0.3325712567549447 0.03835321328732994 0.028997110154161496
4 0.1844482421875 0.64453125 0.0316162109375 0.021592881944444444
4 0.18212890625 0.7291666666666666 0.03271484375 0.023600260416666668
4 0.1807861328125 0.4891493055555556 0.033477783203125 0.021430121527777776
4 0.09619140625 0.6145833333333334 0.03125 0.01953125
4 0.219970703125 0.7547743055555556 0.0325927734375 0.024156358506944444
0 0.2178955078125 0.22395833333333334 0.03228759765625 0.022623697916666668
4 0.1851806640625 0.9036458333333334 0.0316162109375 0.023600260416666668
4 0.2130126953125 0.5538194444444444 0.03228759765625 0.0220947265625
4 0.2210693359375 0.9852430555555556 0.0292510986328125 0.023776584201388888
4 0.09552001953125 0.4325086805555556 0.032958984375 0.023871527777777776
4 0.103759765625 0.875 0.0333251953125 0.025092230902777776
4 0.460693359375 0.8381076388888888 0.03228759765625 0.022447374131944444
4 0.062225341796875 0.6163194444444444 0.033203125 0.021185980902777776
4 0.059967041015625 0.5251736111111112 0.039703369140625 0.028049045138888888
4 0.097412109375 0.3760850694444444 0.028594970703125 0.022623697916666668
4 0.06451416015625 0.9635416666666666 0.03338623046875 0.023505316840277776
4 0.09515380859375 0.7894965277777778 0.038543701171875 0.024237738715277776
4 0.18310546875 0.9322916666666666 0.0352783203125 0.025295681423611112
4 0.2210693359375 0.7022569444444444 0.03436279296875 0.023057725694444444
4 0.2186279296875 0.8138020833333334 0.037384033203125 0.025295681423611112
4 0.339111328125 0.9557291666666666 0.0289306640625 0.023328993055555556
4 0.42529296875 0.8975694444444444 0.03179931640625 0.024156358506944444
4 0.22216796875 0.9314236111111112 0.030853271484375 0.024061414930555556
4 0.06719970703125 0.9348958333333334 0.0325927734375 0.026285807291666668
4 0.22216796875 0.9045138888888888 0.030914306640625 0.022189670138888888
4 0.304931640625 0.9001736111111112 0.031494140625 0.023505316840277776
4 0.5380859375 0.17220052083333334 0.0325927734375 0.024237738715277776
4 0.302978515625 0.984375 0.0341796875 0.024522569444444444
4 0.09320068359375 0.1970486111111111 0.0292510986328125 0.022528754340277776
4 0.34326171875 0.7256944444444444 0.030731201171875 0.022976345486111112
4 0.2181396484375 0.2541232638888889 0.033660888671875 0.026285807291666668
4 0.10595703125 0.5208333333333334 0.029754638671875 0.023776584201388888
4 0.1812744140625 0.373046875 0.03204345703125 0.022352430555555556
4 0.185302734375 0.8706597222222222 0.03643798828125 0.03184678819444445
4 0.9443359375 0.4379340277777778 0.03155517578125 0.021674262152777776
4 0.2183837890625 0.4283854166666667 0.03021240234375 0.022528754340277776
4 0.051849365234375 0.6657986111111112 0.024932861328125 0.03586154513888889
4 0.08709716796875 0.16861979166666666 0.03277587890625 0.023695203993055556
4 0.297607421875 0.2549913194444444 0.033721923828125 0.023505316840277776
4 0.09857177734375 0.9652777777777778 0.0312042236328125 0.025092230902777776
4 0.94189453125 0.2927517361111111 0.03326416015625 0.021267361111111112
4 0.2232666015625 0.8463541666666666 0.03033447265625 0.022447374131944444
4 0.0975341796875 0.2816840277777778 0.0297088623046875 0.023328993055555556
4 0.423583984375 0.9548611111111112 0.030731201171875 0.023966471354166668
4 0.9423828125 0.3532986111111111 0.03143310546875 0.021674262152777776
4 0.2183837890625 0.1648220486111111 0.03607177734375 0.026801215277777776
4 0.30322265625 0.9296875 0.033538818359375 0.023505316840277776
4 0.65966796875 0.8220486111111112 0.03192138671875 0.024332682291666668
4 0.94189453125 0.3235677083333333 0.03240966796875 0.022189670138888888
4 0.7783203125 0.5325520833333334 0.0303802490234375 0.0218505859375
4 0.174072265625 0.13856336805555555 0.038604736328125 0.026285807291666668
4 0.34130859375 0.984375 0.03179931640625 0.026584201388888888
4 0.89990234375 0.53125 0.02947998046875 0.022623697916666668
3 0.438720703125 0.6640625 0.072509765625 0.13411458333333334
4 0.304931640625 0.7547743055555556 0.03314208984375 0.022800021701388888
4 0.8974609375 0.205078125 0.0310821533203125 0.022800021701388888
4 0.419189453125 0.1615668402777778 0.03436279296875 0.025092230902777776
4 0.89892578125 0.2677951388888889 0.030914306640625 0.021267361111111112
4 0.1781005859375 0.2228732638888889 0.033203125 0.023234049479166668
4 0.453857421875 0.1890190972222222 0.030670166015625 0.023057725694444444
4 0.2247314453125 0.9592013888888888 0.03143310546875 0.023600260416666668
4 0.94384765625 0.7634548611111112 0.0321044921875 0.021348741319444444
4 0.77685546875 0.4105902777777778 0.0292510986328125 0.021185980902777776
4 0.21484375 0.6137152777777778 0.0301055908203125 0.021592881944444444
4 0.693359375 0.15049913194444445 0.029876708984375 0.023410373263888888
4 0.4228515625 0.9817708333333334 0.0318603515625 0.022881401909722224
4 0.0604248046875 0.3734809027777778 0.036224365234375 0.024061414930555556
4 0.65966796875 0.8537326388888888 0.029083251953125 0.022800021701388888
4 0.53564453125 0.12141927083333333 0.0310821533203125 0.025092230902777776
4 0.693359375 0.8506944444444444 0.031982421875 0.02490234375
4 0.0966796875 0.22743055555555555 0.029754638671875 0.027113172743055556
4 0.900390625 0.5872395833333334 0.031494140625 0.021430121527777776
4 0.57373046875 0.13053385416666666 0.029541015625 0.024522569444444444
4 0.81591796875 0.8532986111111112 0.031982421875 0.022189670138888888
4 0.2138671875 0.3452690972222222 0.0303802490234375 0.023871527777777776
4 0.2156982421875 0.5217013888888888 0.0325927734375 0.024332682291666668
4 0.94384765625 0.46875 0.0296478271484375 0.022881401909722224
4 0.77490234375 0.7361111111111112 0.03448486328125 0.0220947265625
4 0.30029296875 0.8133680555555556 0.0310821533203125 0.021931966145833332
4 0.89697265625 0.4112413194444444 0.03448486328125 0.024156358506944444
4 0.8974609375 0.1750217013888889 0.029083251953125 0.026285807291666668
4 0.77490234375 0.7907986111111112 0.0304412841796875 0.021267361111111112
4 0.335693359375 0.16590711805555555 0.0310821533203125 0.022352430555555556
4 0.81201171875 0.7356770833333334 0.0322265625 0.020534939236111112
4 0.3349609375 0.21766493055555555 0.029144287109375 0.021755642361111112
4 0.89990234375 0.8480902777777778 0.038330078125 0.024712456597222224
4 0.779296875 0.8493923611111112 0.034820556640625 0.021674262152777776
4 0.77783203125 0.18001302083333334 0.030792236328125 0.02490234375
4 0.77734375 0.1499565972222222 0.029754638671875 0.022623697916666668
4 0.1844482421875 0.6727430555555556 0.032470703125 0.022528754340277776
4 0.216552734375 0.3153211805555556 0.0299224853515625 0.022528754340277776
4 0.8994140625 0.236328125 0.0289306640625 0.023152669270833332
4 0.77783203125 0.46875 0.0301055908203125 0.022189670138888888
4 0.298828125 0.10704210069444445 0.0287628173828125 0.025092230902777776
4 0.94580078125 0.8524305555555556 0.030792236328125 0.021348741319444444
4 0.89892578125 0.7052951388888888 0.03271484375 0.021511501736111112
4 0.94287109375 0.23936631944444445 0.03271484375 0.022881401909722224
4 0.33984375 0.8676215277777778 0.030853271484375 0.023695203993055556
4 0.097412109375 0.9071180555555556 0.0386962890625 0.026584201388888888
4 0.90087890625 0.1459418402777778 0.029144287109375 0.023776584201388888
4 0.33349609375 0.11751302083333333 0.02947998046875 0.023234049479166668
4 0.180419921875 0.4303385416666667 0.035675048828125 0.022352430555555556
4 0.94287109375 0.2649739583333333 0.0325927734375 0.022800021701388888
4 0.94091796875 0.2097439236111111 0.034027099609375 0.025580512152777776
4 0.21533203125 0.4578993055555556 0.027374267578125 0.021755642361111112
4 0.1737060546875 0.201171875 0.038818359375 0.023505316840277776
4 0.8125 0.4398871527777778 0.035736083984375 0.02490234375
4 0.333984375 0.2816840277777778 0.030853271484375 0.022528754340277776
4 0.9267578125 0.035590277777777776 0.033905029296875 0.027004665798611112
4 0.424072265625 0.8077256944444444 0.030853271484375 0.020941840277777776
4 0.18115234375 0.3439670138888889 0.034423828125 0.022623697916666668
4 0.775390625 0.3539496527777778 0.0297088623046875 0.0220947265625
4 0.1756591796875 0.1674262152777778 0.0384521484375 0.025783962673611112
4 0.77685546875 0.5907118055555556 0.0316162109375 0.021931966145833332
4 0.2171630859375 0.2862413194444444 0.030914306640625 0.024522569444444444
4 0.4580078125 0.8064236111111112 0.0303802490234375 0.023600260416666668
4 0.56982421875 0.2710503472222222 0.0318603515625 0.022705078125
4 0.57080078125 0.2421875 0.0282745361328125 0.022623697916666668
4 0.8125 0.1521267361111111 0.0316162109375 0.022705078125
0 0.453857421875 0.16243489583333334 0.030853271484375 0.022271050347222224
4 0.1805419921875 0.2571614583333333 0.03326416015625 0.024522569444444444
4 0.8125 0.5299479166666666 0.0321044921875 0.022623697916666668
4 0.091552734375 0.46484375 0.0345458984375 0.021592881944444444
4 0.33447265625 0.2510850694444444 0.03125 0.023328993055555556
4 0.6953125 0.7938368055555556 0.03228759765625 0.023152669270833332
4 0.5400390625 0.8259548611111112 0.03314208984375 0.023152669270833332
4 0.81591796875 0.4713541666666667 0.0321044921875 0.022013346354166668
4 0.298828125 0.8407118055555556 0.0285491943359375 0.020222981770833332
4 0.810546875 0.1821831597222222 0.03155517578125 0.022013346354166668
4 0.80859375 0.2111545138888889 0.032958984375 0.022271050347222224
4 0.81103515625 0.326171875 0.03277587890625 0.023695203993055556
4 0.81005859375 0.2970920138888889 0.03131103515625 0.023234049479166668
4 0.541015625 0.21006944444444445 0.0287628173828125 0.022013346354166668
4 0.814453125 0.5625 0.0297088623046875 0.020534939236111112
4 0.1806640625 0.2873263888888889 0.03424072265625 0.023871527777777776
4 0.9013671875 0.3526475694444444 0.0374755859375 0.027533637152777776
4 0.77783203125 0.26953125 0.029754638671875 0.022528754340277776
4 0.3017578125 0.6119791666666666 0.034027099609375 0.021104600694444444
4 0.300048828125 0.3404947916666667 0.0309600830078125 0.021674262152777776
4 0.65380859375 0.18250868055555555 0.030853271484375 0.025783962673611112
4 0.336669921875 0.4891493055555556 0.0299835205078125 0.020860460069444444
4 0.335205078125 0.5182291666666666 0.0297088623046875 0.025485568576388888
4 0.75146484375 0.013576931423611112 0.0135345458984375 0.025092230902777776
4 0.07794189453125 0.6493055555555556 0.0226287841796875 0.030897352430555556
4 0.3388671875 0.6705729166666666 0.030670166015625 0.019843207465277776
4 0.33349609375 0.5499131944444444 0.0295867919921875 0.022705078125
4 0.56103515625 0.9418402777777778 0.0276947021484375 0.023966471354166668
4 0.12274169921875 0.1408420138888889 0.017852783203125 0.05392795138888889
4 0.8916015625 0.4704861111111111 0.034088134765625 0.021592881944444444
4 0.09844970703125 0.9904513888888888 0.026153564453125 0.018296983506944444
4 0.6806640625 0.014675564236111112 0.0142822265625 0.026692708333333332
4 0.65576171875 0.3556857638888889 0.03240966796875 0.023776584201388888
4 0.80517578125 0.009724934895833334 0.01525115966796875 0.0174560546875
4 0.66259765625 0.012810601128472222 0.01374053955078125 0.024617513020833332
4 0.86376953125 0.2886284722222222 0.0271148681640625 0.04250759548611111
4 0.57470703125 0.8532986111111112 0.03125 0.024427625868055556
4 0.50537109375 0.4613715277777778 0.01495361328125 0.05381944444444445
4 0.305908203125 0.7261284722222222 0.0284881591796875 0.023695203993055556
4 0.72998046875 0.4357638888888889 0.029754638671875 0.045708550347222224
4 0.541015625 0.7951388888888888 0.03155517578125 0.024237738715277776
4 0.77783203125 0.3263888888888889 0.03131103515625 0.024156358506944444
4 0.76953125 0.011400010850694444 0.014617919921875 0.021430121527777776
4 0.7763671875 0.2384982638888889 0.03277587890625 0.025485568576388888
4 0.380126953125 0.18739149305555555 0.03173828125 0.032904730902777776
4 0.57666015625 0.8237847222222222 0.03289794921875 0.022271050347222224
4 0.73388671875 0.011576334635416666 0.01560211181640625 0.022271050347222224
4 0.65966796875 0.2983940972222222 0.0341796875 0.023966471354166668
4 0.33447265625 0.310546875 0.03021240234375 0.021023220486111112
4 0.81005859375 0.2384982638888889 0.0304412841796875 0.022800021701388888
4 0.65576171875 0.1486545138888889 0.03875732421875 0.027737087673611112
4 0.5751953125 0.2996961805555556 0.03125 0.022623697916666668
4 0.775390625 0.2977430555555556 0.0316162109375 0.022447374131944444
4 0.3076171875 0.6714409722222222 0.02838134765625 0.022271050347222224
4 0.4981770833333333 0.9819444444444444 0.0296875 0.03611111111111111
4 0.48828125 0.4561631944444444 0.0141754150390625 0.049506293402777776
4 0.80322265625 0.6202256944444444 0.044097900390625 0.023600260416666668
4 0.3369140625 0.3385416666666667 0.030792236328125 0.021185980902777776
4 0.716796875 0.0174560546875 0.01512908935546875 0.032416449652777776
4 0.69970703125 0.015977647569444444 0.01490020751953125 0.029947916666666668
4 0.6953125 0.17936197916666666 0.040313720703125 0.027940538194444444
4 0.505859375 0.6067708333333334 0.01242828369140625 0.029730902777777776
4 0.646484375 0.012037489149305556 0.01560211181640625 0.023600260416666668
4 0.8291015625 0.9652777777777778 0.03216552734375 0.025200737847222224
4 0.78857421875 0.010837131076388888 0.0153656005859375 0.019680447048611112
4 0.69970703125 0.9652777777777778 0.0282745361328125 0.029269748263888888
4 0.97802734375 0.1222873263888889 0.0225830078125 0.05577256944444445
4 0.796875 0.3828125 0.033477783203125 0.030409071180555556
4 0.102294921875 0.6618923611111112 0.024383544921875 0.03420681423611111
4 0.07574462890625 0.5551215277777778 0.03314208984375 0.029839409722222224
4 0.06439208984375 0.259765625 0.0147857666015625 0.06179470486111111
4 0.06854248046875 0.1312934027777778 0.0118255615234375 0.0164794921875