4 0.13000520833333334 0.12868518518518518 0.03210416666666666 0.0423425925925926
4 0.9052760416666668 0.8502592592592593 0.03823958333333337 0.025388888888888957
4 0.02203125 0.5598981481481482 0.029479166666666664 0.03819444444444445
4 0.8569322916666666 0.71875 0.022031250000000096 0.049962962962962994
4 0.783203125 0.8515648148148148 0.0343020833333334 0.021351851851851802
4 0.3356927083333333 0.11642592592592592 0.03192187499999998 0.023231481481481485
4 0.9516614583333334 0.8546018518518519 0.030625000000000093 0.022444444444444454
4 0.931640625 0.03174074074074074 0.032895833333333256 0.026490740740740742
4 0.09930208333333333 0.2816851851851852 0.030671874999999994 0.023694444444444473
4 0.09790104166666666 0.7903611111111112 0.03994791666666666 0.0242407407407408
4 0.3732916666666667 0.1851111111111111 0.03149479166666668 0.051509259259259255
4 0.5771510416666668 0.12890740740740741 0.0301510416666666 0.02587962962962962
4 0.3012708333333334 0.10682407407407409 0.029036458333333334 0.02529629629629629
4 0.9052760416666668 0.587675925925926 0.03338541666666662 0.02297222222222217
0 0.220703125 0.1645 0.03683333333333335 0.026287037037037025
4 0.08947916666666668 0.16894444444444445 0.033083333333333326 0.024064814814814824
4 0.09930208333333333 0.227 0.02848958333333333 0.02529629629629629
4 0.3083489583333333 0.9010462962962963 0.031020833333333307 0.02369444444444437
4 0.09857291666666666 0.37695370370370374 0.03010416666666667 0.023333333333333376
4 0.94921875 0.7647592592592594 0.03283854166666676 0.022444444444444454
4 0.9028333333333334 0.7061666666666666 0.03515625 0.02175925925925926
4 0.339109375 0.16590740740740742 0.03143229166666662 0.022351851851851838
4 0.4260260416666667 0.9835092592592594 0.032411458333333344 0.02360185185185165
4 0.49707291666666664 0.8941018518518519 0.014953125000000018 0.050944444444444424
4 0.4643541666666666 0.8389722222222222 0.032229166666666725 0.023333333333333376
4 0.10144270833333334 0.9670185185185186 0.032468749999999984 0.024620370370370504
4 0.06952083333333332 0.9357685185185185 0.03246875 0.025879629629629673
4 0.8203125 0.855037037037037 0.033083333333333326 0.02252777777777771
4 0.3439947916666667 0.9852407407407406 0.031369791666666674 0.02649074074074086
4 0.305421875 0.9861111111111112 0.03378124999999995 0.024425925925926028
4 0.5385729166666666 0.11946296296296298 0.031020833333333307 0.025481481481481476
4 0.81640625 0.7365462962962963 0.03277604166666658 0.022009259259259242
4 0.9057604166666666 0.5308148148148147 0.030958333333333362 0.022879629629629663
4 0.21667708333333333 0.6141481481481481 0.030276041666666663 0.02110185185185182
4 0.224 0.90625 0.030671874999999994 0.022268518518518476
4 0.0611875 0.375 0.034942708333333336 0.023694444444444473
4 0.7788072916666666 0.7929722222222222 0.031369791666666674 0.022879629629629663
4 0.3061510416666666 0.9296851851851852 0.03338541666666662 0.024157407407407332
4 0.7788072916666666 0.7374166666666666 0.034421875000000074 0.022268518518518476
4 0.427 0.9548611111111112 0.031984375000000044 0.024157407407407436
4 0.7416979166666666 0.3513425925925926 0.03347916666666677 0.04747222222222221
4 0.6665052083333334 0.013675925925925925 0.014005208333333267 0.025092592592592593
4 0.9487291666666666 0.46875 0.03143229166666662 0.022879629629629663
4 0.34277604166666664 0.8684907407407407 0.031203125000000043 0.023055555555555638
4 0.22265625 0.9861111111111112 0.028703125000000006 0.02433333333333352
4 0.09552083333333333 0.19672222222222224 0.03044270833333333 0.022620370370370377
4 0.9057604166666666 0.35048148148148145 0.03683333333333323 0.024157407407407436
4 0.9501979166666668 0.43728703703703703 0.032411458333333344 0.022009259259259242
4 0.09466666666666666 0.4652777777777778 0.034822916666666676 0.022703703703703688
4 0.8984375 0.4700555555555556 0.03338541666666662 0.01967592592592598
4 0.341796875 0.956601851851852 0.027953125000000037 0.022796296296296197
4 0.9052760416666668 0.14312037037037037 0.032041666666666656 0.023870370370370344
4 0.18518229166666667 0.9322962962962963 0.034822916666666676 0.024518518518518537
4 0.17736979166666667 0.1380185185185185 0.03802604166666666 0.025
4 0.9467760416666666 0.3524351851851852 0.032468750000000074 0.022703703703703688
4 0.22216666666666668 0.755638888888889 0.03277604166666664 0.023407407407407384
4 0.9028333333333334 0.411462962962963 0.03347916666666677 0.024240740740740695
4 0.6982447916666668 0.8524351851851851 0.03402604166666663 0.02350925925925935
4 0.224609375 0.9322962962962963 0.031083333333333307 0.023407407407407384
4 0.42846875 0.8993055555555556 0.031984375000000044 0.024898148148148242
4 0.22168229166666667 0.7026944444444444 0.03643750000000002 0.0242407407407408
4 0.10266145833333334 0.9079907407407407 0.036776041666666676 0.024712962962963013
4 0.06805208333333333 0.9644074074074074 0.03295833333333334 0.023055555555555638
4 0.3374010416666666 0.2172314814814815 0.029588541666666638 0.021425925925925914
4 0.09741145833333334 0.4333796296296296 0.033479166666666685 0.023333333333333376
4 0.2263177083333333 0.8467870370370371 0.030729166666666665 0.02262037037037043
4 0.6630885416666668 0.8546018518518519 0.029249999999999925 0.022009259259259242
4 0.7817395833333334 0.5902777777777778 0.029921874999999907 0.020537037037037097
4 0.3029791666666667 0.8146666666666667 0.030854166666666672 0.02142592592592602
4 0.10595833333333333 0.8758703703703704 0.033203125 0.025388888888888957
4 0.421140625 0.16102777777777777 0.03396354166666669 0.02471296296296296
4 0.5068385416666666 0.4327222222222222 0.01640104166666667 0.055990740740740765
4 0.7299791666666666 0.7647592592592594 0.022890624999999904 0.05452777777777787
4 0.2204583333333333 0.8146666666666667 0.03732291666666665 0.024712962962963013
4 0.21728645833333332 0.55425 0.03185937499999998 0.022351851851851946
4 0.22168229166666667 0.2539074074074074 0.03372395833333333 0.02637962962962964
4 0.22521875 0.9592037037037038 0.03277604166666664 0.024425925925926028
4 0.184328125 0.730037037037037 0.032041666666666656 0.023407407407407384
4 0.18701041666666668 0.8710925925925925 0.037046875 0.03265740740740739
4 0.18310416666666668 0.3732685185185185 0.03192187499999998 0.022444444444444454
4 0.18664583333333334 0.644962962962963 0.03149479166666668 0.021851851851851768
4 0.456296875 0.18771296296296294 0.028807291666666637 0.024064814814814824
4 0.7822291666666668 0.5325555555555556 0.03179687500000009 0.02262037037037043
4 0.986328125 0.8624166666666666 0.02488541666666677 0.055037037037037086
4 0.10760416666666667 0.5221388888888888 0.029984374999999997 0.02350925925925935
4 0.22082291666666667 0.22352777777777777 0.033265625 0.022351851851851838
4 0.18786458333333333 0.9045185185185185 0.031203124999999984 0.02297222222222217
4 0.6640625 0.8233518518518519 0.03044270833333324 0.02480555555555552
4 0.180296875 0.22265740740740741 0.032838541666666644 0.023055555555555534
4 0.9008802083333334 0.26649074074074075 0.03402604166666663 0.022527777777777817
4 0.6840833333333334 0.012175925925925925 0.013020833333333334 0.023407407407407408
4 0.21765104166666666 0.34505555555555556 0.029875000000000006 0.024333333333333308
4 0.7807604166666666 0.17871296296296296 0.03079166666666661 0.02396296296296296
4 0.5400416666666668 0.17133333333333334 0.03277604166666664 0.02369444444444442
4 0.05480729166666667 0.6657962962962962 0.02580208333333333 0.03387962962962955
4 0.7368177083333334 0.011138888888888887 0.016098958333333257 0.021027777777777777
4 0.9462916666666668 0.20725000000000002 0.03390624999999995 0.025685185185185193
4 0.7788072916666666 0.1486574074074074 0.03366145833333339 0.022703703703703688
4 0.7802760416666668 0.41059259259259256 0.03216666666666678 0.020861111111111087
4 0.81640625 0.1505 0.03277604166666658 0.023148148148148147
4 0.9013697916666668 0.17404629629629628 0.030671874999999935 0.027314814814814816
4 0.7553697916666666 0.011944444444444445 0.014114583333333286 0.02297222222222222
4 0.18359375 0.25715740740740745 0.03173958333333336 0.024518518518518537
4 0.8193385416666668 0.43901851851851853 0.03408854166666657 0.023407407407407384
4 0.30078125 0.25434259259259256 0.03378124999999995 0.023333333333333376
4 0.9467760416666666 0.3224814814814815 0.03277604166666658 0.023231481481481513
4 0.578125 0.8541666666666666 0.031203124999999925 0.024712962962963013
4 0.218015625 0.5212685185185185 0.03246875000000002 0.023962962962963064
4 0.18652604166666667 0.6731759259259259 0.03185937499999998 0.02252777777777771
4 0.1015625 0.9907407407407407 0.027083333333333334 0.018518518518518517
4 0.7036145833333334 0.014277777777777778 0.015078124999999906 0.027203703703703702
4 0.7797864583333334 0.4683148148148148 0.0321041666666666 0.022009259259259242
4 0.4274895833333333 0.8090277777777778 0.031796874999999974 0.0220925925925925
4 0.18273958333333334 0.3443981481481481 0.03302083333333332 0.022351851851851838
4 0.5444322916666666 0.7964444444444444 0.03149479166666662 0.024620370370370296
4 0.30859375 0.727 0.029817708333333335 0.02369444444444437
4 0.17480729166666667 0.20160185185185184 0.03845312500000002 0.02396296296296296
4 0.947265625 0.2912314814814815 0.03390624999999995 0.0227962962962963