4 0.12988541666666667 0.12890740740740741 0.032041666666666656 0.042259259259259246
4 0.9057604166666666 0.8502592592592593 0.03839062500000002 0.025583333333333434
4 0.7827135416666666 0.8515648148148148 0.03396354166666669 0.021185185185185286
4 0.023328124999999998 0.5594629629629629 0.029203125000000003 0.038657407407407404
4 0.8559583333333334 0.7647592592592594 0.021578124999999913 0.048018518518518426
4 0.3354479166666666 0.11642592592592592 0.031984375000000044 0.023055555555555562
4 0.09930208333333333 0.2816851851851852 0.030729166666666665 0.023870370370370344
4 0.9516614583333334 0.855037037037037 0.029984375000000084 0.022185185185185217
4 0.09790104166666666 0.7903611111111112 0.04016145833333334 0.024518518518518537
4 0.931640625 0.03174074074074074 0.033265624999999945 0.026583333333333337
4 0.3010260416666667 0.1066111111111111 0.029145833333333353 0.02568518518518518
4 0.220703125 0.16416666666666668 0.03671354166666667 0.02637962962962964
4 0.5771510416666668 0.12890740740740741 0.0301510416666666 0.02558333333333333
4 0.9047864583333334 0.587675925925926 0.03408854166666657 0.023231481481481405
4 0.09857291666666666 0.37695370370370374 0.029921874999999994 0.023055555555555534
4 0.089296875 0.16894444444444445 0.03289583333333332 0.0238703703703704
4 0.94921875 0.7651944444444444 0.03277604166666658 0.022444444444444454
4 0.3081041666666666 0.9010462962962963 0.03079166666666661 0.023777777777777835
4 0.06939583333333334 0.9366296296296296 0.03246875000000001 0.025990740740740786
4 0.374265625 0.1796851851851852 0.027177083333333366 0.05170370370370373
4 0.339109375 0.16623148148148148 0.030916666666666613 0.022268518518518528
4 0.8203125 0.855037037037037 0.033203125 0.022351851851851946
4 0.9047864583333334 0.3506944444444444 0.03732291666666659 0.02480555555555552
4 0.34375 0.9861111111111112 0.031557291666666626 0.02658333333333337
4 0.061307291666666666 0.37521296296296297 0.03527604166666666 0.024157407407407436
4 0.0989375 0.22721296296296295 0.02908333333333332 0.02558333333333333
4 0.7788072916666666 0.7374166666666666 0.03482291666666673 0.02252777777777771
4 0.305421875 0.9861111111111112 0.03353645833333339 0.023777777777777627
4 0.216796875 0.6145833333333334 0.030562499999999975 0.02069444444444436
4 0.4946302083333334 0.8993055555555556 0.018614583333333337 0.04988888888888899
4 0.9057604166666666 0.5308148148148147 0.030854166666666554 0.023055555555555638
4 0.779296875 0.7929722222222222 0.031203124999999925 0.022796296296296197
4 0.81640625 0.7365462962962963 0.032468750000000074 0.022009259259259242
4 0.22424479166666667 0.90625 0.03079166666666667 0.022009259259259242
4 0.4260260416666667 0.9843796296296298 0.032229166666666725 0.023333333333333164
4 0.9028333333333334 0.7061666666666666 0.034364583333333344 0.021592592592592535
4 0.34253125 0.868925925925926 0.031369791666666674 0.02297222222222217
4 0.464109375 0.8411481481481482 0.03149479166666668 0.02262037037037043
4 0.22265625 0.9861111111111112 0.029145833333333353 0.023407407407407592
4 0.09515625 0.4652777777777778 0.03500520833333332 0.023148148148148147
4 0.10125520833333333 0.9670185185185186 0.03222916666666666 0.02520370370370352
4 0.9052760416666668 0.14312037037037037 0.0321041666666666 0.02396296296296296
4 0.9487291666666666 0.46875 0.03161458333333324 0.023148148148148147
4 0.8989270833333334 0.4704907407407407 0.03353645833333327 0.0198425925925926
4 0.7294947916666668 0.8029537037037038 0.022416666666666647 0.055361111111111076
4 0.42676041666666664 0.9557314814814816 0.03210416666666672 0.023962962962963064
4 0.3061510416666666 0.9305555555555556 0.033322916666666674 0.024333333333333308
4 0.17785416666666667 0.1380185185185185 0.037687500000000006 0.025092592592592614
4 0.6669947916666668 0.01660185185185185 0.012479166666666685 0.02973148148148148
4 0.1853020833333333 0.9331574074074074 0.03521875 0.024712962962963013
4 0.5390625 0.11968518518518517 0.031020833333333307 0.025481481481481476
4 0.22155729166666666 0.7026944444444444 0.03628645833333331 0.024425925925926028
4 0.9501979166666668 0.43728703703703703 0.032468750000000074 0.02175925925925926
4 0.3420416666666667 0.957462962962963 0.027635416666666638 0.022351851851851838
4 0.947265625 0.3524351851851852 0.03228645833333322 0.0227962962962963
4 0.9028333333333334 0.411462962962963 0.033140625000000055 0.024333333333333308
4 0.10070833333333334 0.9079907407407407 0.037203125000000004 0.025388888888888957
4 0.220703125 0.8151018518518518 0.03781250000000001 0.025
4 0.09741145833333334 0.4333796296296296 0.03359895833333333 0.023407407407407384
4 0.3376458333333333 0.21744444444444444 0.030380208333333294 0.02167592592592595
4 0.6977552083333334 0.8528611111111112 0.034364583333333344 0.023231481481481405
4 0.22216666666666668 0.756074074074074 0.033203125 0.02350925925925935
4 0.4279791666666667 0.8993055555555556 0.03192187499999998 0.024712962962963013
4 0.22472916666666667 0.9322962962962963 0.03143229166666668 0.023870370370370344
4 0.22607291666666668 0.8472222222222222 0.030958333333333303 0.02262037037037043
4 0.7358385416666666 0.3559074074074074 0.03476041666666655 0.0481203703703704
4 0.06805208333333333 0.9644074074074074 0.03295833333333334 0.023333333333333164
4 0.421140625 0.16102777777777777 0.03408854166666669 0.025
4 0.1877447916666667 0.9045185185185185 0.031020833333333307 0.022703703703703688
4 0.09619270833333333 0.19672222222222224 0.029203124999999996 0.02167592592592595
4 0.21716145833333333 0.55425 0.03210416666666666 0.022796296296296197
4 0.184203125 0.7304722222222222 0.03192187499999998 0.023407407407407384
4 0.22168229166666667 0.2536851851851852 0.03372395833333333 0.026694444444444482
4 0.7817395833333334 0.5907129629629629 0.030562499999999916 0.020305555555555615
4 0.10595833333333333 0.8758703703703704 0.033203125 0.025203703703703728
4 0.7802760416666668 0.14887037037037038 0.03228645833333322 0.022972222222222224
4 0.302734375 0.8146666666666667 0.030958333333333362 0.02142592592592602
4 0.6635729166666666 0.8546018518518519 0.027906249999999962 0.022009259259259242
4 0.22082291666666667 0.22374074074074074 0.03302083333333332 0.022527777777777765
4 0.18347395833333333 0.37348148148148147 0.03185937499999998 0.022444444444444454
4 0.21765104166666666 0.5225740740740741 0.03277604166666664 0.023777777777777835
4 0.18713541666666667 0.8706574074074074 0.03683333333333335 0.03431481481481476
4 0.0546875 0.6657962962962962 0.025755208333333328 0.03341666666666659
4 0.18652604166666667 0.6453981481481481 0.03114062499999998 0.02175925925925926
4 0.6845729166666668 0.01227777777777778 0.012869791666666686 0.023055555555555555
4 0.9013697916666668 0.2669259259259259 0.035218749999999945 0.022620370370370325
4 0.22607291666666668 0.9592037037037038 0.033265625 0.0246203703703704
4 0.6640625 0.8233518518518519 0.02975520833333339 0.024518518518518537
4 0.10705729166666668 0.5221388888888888 0.030625000000000006 0.023231481481481405
4 0.7802760416666668 0.17871296296296296 0.030854166666666554 0.023777777777777783
4 0.4565416666666666 0.18771296296296294 0.028276041666666647 0.0238703703703704
4 0.18005208333333333 0.22287037037037036 0.03277604166666664 0.022972222222222224
4 0.7368177083333334 0.011268518518518518 0.015958333333333265 0.02135185185185185
4 0.7822291666666668 0.5325555555555556 0.031984374999999926 0.02252777777777771
4 0.9013697916666668 0.17404629629629628 0.030729166666666665 0.027537037037037044
4 0.947265625 0.3224814814814815 0.03277604166666658 0.023509259259259247
4 0.9462916666666668 0.20757407407407408 0.03396354166666669 0.025388888888888905
4 0.5405260416666666 0.17133333333333334 0.03228645833333328 0.023333333333333324
4 0.7797864583333334 0.41059259259259256 0.03253125000000002 0.021027777777777812
4 0.8193385416666668 0.4392407407407407 0.03402604166666663 0.023870370370370344
4 0.947265625 0.2912314814814815 0.03408854166666657 0.0227962962962963
4 0.8159166666666666 0.15017592592592593 0.03283854166666676 0.023055555555555534
4 0.18347395833333333 0.2573796296296297 0.03198437499999998 0.024518518518518537
4 0.21765104166666666 0.34505555555555556 0.029588541666666638 0.023694444444444473
4 0.30078125 0.2545555555555556 0.03366145833333339 0.023333333333333376
4 0.18640104166666666 0.6731759259259259 0.031796874999999974 0.02262037037037043
4 0.182984375 0.3441851851851852 0.03289583333333332 0.022351851851851838
4 0.17724479166666668 0.19780555555555554 0.03753645833333336 0.024333333333333308
4 0.986328125 0.8984351851851852 0.02279687499999999 0.05382407407407418
4 0.755859375 0.011944444444444445 0.014005208333333267 0.02297222222222222
4 0.9482447916666668 0.2636759259259259 0.03302083333333338 0.022879629629629663
4 0.69921875 0.7960092592592594 0.03353645833333327 0.022796296296296197
4 0.7797864583333334 0.4683148148148148 0.031984374999999926 0.022268518518518476
4 0.5068385416666666 0.43315740740740744 0.016463541666666616 0.055990740740740765
4 0.1833489583333333 0.4900185185185185 0.03384375000000001 0.0220925925925925
4 0.7036145833333334 0.0145 0.01519270833333337 0.027629629629629626
4 0.1774895833333333 0.16742592592592592 0.0375364583333333 0.02578703703703706
4 0.8178697916666666 0.5303796296296296 0.03021354166666678 0.020861111111111087
4 0.8154322916666668 0.18000925925925926 0.031369791666666674 0.022620370370370377
4 0.30859375 0.727 0.03004687500000003 0.023870370370370344
4 0.4274895833333333 0.8090277777777778 0.03228645833333334 0.022009259259259242
4 0.5776354166666666 0.8546018518518519 0.031312499999999945 0.0242407407407408
4 0.21728645833333332 0.4587685185185185 0.028062499999999997 0.021425925925925914
4 0.8149427083333334 0.2369814814814815 0.030625000000000093 0.02287962962962964
4 0.10174479166666667 0.9912129629629629 0.027479166666666662 0.017574074074074093
4 0.3012708333333334 0.8411481481481482 0.0288697916666667 0.02110185185185182
4 0.4565416666666666 0.1618888888888889 0.030442708333333356 0.0227962962962963
4 0.9028333333333334 0.2019351851851852 0.031312499999999945 0.023407407407407436
4 0.65625 0.1812037037037037 0.03179687500000009 0.024805555555555574
4 0.22082291666666667 0.42838888888888893 0.030380208333333356 0.023055555555555534
4 0.7817395833333334 0.3532962962962963 0.02964583333333337 0.022009259259259242
4 0.8198229166666666 0.4709166666666667 0.033203125 0.023407407407407436
4 0.06097395833333333 0.5260462962962963 0.037598958333333335 0.027314814814814816
4 0.21863020833333333 0.286462962962963 0.03125 0.024333333333333308
4 0.21753125 0.31510185185185186 0.03015104166666666 0.022879629629629663
4 0.5419947916666668 0.2086574074074074 0.028489583333333297 0.023055555555555534
4 0.30761979166666664 0.7552129629629629 0.033265624999999945 0.0220925925925925
4 0.9497083333333334 0.2361111111111111 0.033265624999999945 0.023407407407407384
4 0.5439479166666668 0.7968796296296297 0.0316145833333333 0.024425925925926028
4 0.8139635416666666 0.20974074074074076 0.03185937500000004 0.022185185185185165
4 0.5424791666666666 0.8268240740740741 0.033322916666666674 0.024157407407407332
4 0.18261979166666667 0.4312037037037037 0.03494270833333335 0.02297222222222217
4 0.4604479166666666 0.8081574074074074 0.029984374999999966 0.023962962962963064
4 0.8095729166666668 0.008324074074074072 0.015364583333333333 0.015138888888888891
4 0.7739270833333334 0.010111111111111109 0.014447916666666553 0.018712962962962962
4 0.8154322916666668 0.3246574074074074 0.03265624999999991 0.0227962962962963
4 0.7807604166666666 0.2374166666666667 0.03408854166666657 0.025879629629629645
4 0.79296875 0.009314814814814814 0.014333333333333325 0.01686111111111111
4 0.8193385416666668 0.5625 0.030916666666666735 0.02175925925925926
4 0.3364270833333334 0.25151851851851853 0.03302083333333338 0.02558333333333333
4 0.6616197916666666 0.7092037037037038 0.031083333333333248 0.022268518518518476
4 0.3454583333333333 0.727 0.029874999999999947 0.02360185185185186
4 0.6948229166666666 0.14887037037037038 0.02854687499999997 0.0227962962962963
4 0.09808333333333333 0.6158888888888888 0.033083333333333326 0.019759259259259185
4 0.06671354166666667 0.6180555555555556 0.03460937499999999 0.022268518518518476
4 0.30176041666666664 0.3125 0.03210416666666672 0.023509259259259247
4 0.78125 0.2955740740740741 0.028760416666666563 0.022703703703703688
4 0.720703125 0.01590740740740741 0.016020833333333446 0.029944444444444447
4 0.8994166666666668 0.23502777777777778 0.03567708333333333 0.022527777777777765
4 0.5834947916666666 0.7669259259259259 0.030276041666666722 0.023055555555555638
4 0.8159166666666666 0.295787037037037 0.030854166666666554 0.022444444444444454
4 0.6611354166666668 0.29839814814814813 0.03548958333333327 0.023509259259259247
4 0.6997083333333334 0.7348055555555556 0.03010416666666676 0.021592592592592535
4 0.3374010416666666 0.31054629629629626 0.030671875000000053 0.021935185185185235
4 0.5795885416666666 0.8246574074074075 0.030916666666666735 0.023231481481481405
4 0.7807604166666666 0.26823148148148146 0.033083333333333326 0.022268518518518476
4 0.302734375 0.3409259259259259 0.030624999999999975 0.022351851851851838
4 0.3376458333333333 0.5182314814814816 0.030442708333333356 0.026898148148148105
4 0.5727552083333334 0.2680092592592592 0.03283854166666676 0.023694444444444473
4 0.3041979166666666 0.6132777777777778 0.03372395833333333 0.021592592592592535
4 0.3381354166666667 0.6141481481481481 0.028276041666666647 0.021592592592592535
4 0.7836927083333334 0.32422222222222224 0.028760416666666563 0.023694444444444473
4 0.3376458333333333 0.28146296296296297 0.030562500000000034 0.022527777777777817
4 0.3098125 0.6718796296296297 0.028380208333333337 0.023148148148148147
4 0.3005364583333333 0.39778703703703705 0.03302083333333338 0.02077777777777783
4 0.08019791666666666 0.6514722222222222 0.025083333333333346 0.034990740740740704
4 0.6591822916666668 0.67925 0.030671874999999935 0.021509259259259277
4 0.80859375 0.6215277777777778 0.04568229166666669 0.024157407407407332
4 0.3344739583333334 0.551212962962963 0.029921875000000025 0.023407407407407384
4 0.10449479166666667 0.6631944444444444 0.02386458333333333 0.035046296296296214
4 0.4233385416666666 0.7296018518518519 0.03149479166666668 0.020388888888888873
4 0.5083020833333334 0.5963518518518518 0.011734374999999986 0.05891666666666677
4 0.3393541666666666 0.3385462962962963 0.03149479166666668 0.021268518518518544
4 0.6982447916666668 0.17773148148148146 0.04077083333333344 0.029379629629629648
4 0.6567395833333334 0.14724074074074076 0.03753645833333342 0.027314814814814816
4 0.06671354166666667 0.2593333333333333 0.015364583333333333 0.05962037037037036
4 0.42309375 0.11425925925925927 0.03372395833333333 0.028268518518518533
4 0.8002916666666666 0.38281481481481483 0.03561458333333339 0.029944444444444475
4 0.3967291666666667 0.11306481481481481 0.012052083333333385 0.016990740740740737
4 0.7099635416666668 0.08447222222222223 0.011781249999999943 0.013416666666666676
4 0.8872083333333334 0.3795555555555556 0.016526041666666675 0.010759259259259264
1 0.7309583333333334 0.14539814814814814 0.015130208333333428 0.014055555555555562
3 0.06715104166666667 0.4021203703703704 0.04055208333333334 0.03537037037037041
3 0.06546354166666667 0.4295555555555556 0.04238541666666666 0.01617592592592595
3 0.06333854166666666 0.4617962962962963 0.03119791666666667 0.031287037037037
3 0.06734375000000001 0.4894166666666667 0.033994791666666656 0.03095370370370371
3 0.102359375 0.4875277777777777 0.038052083333333334 0.02100000000000006
3 0.102796875 0.4046018518518519 0.03718749999999999 0.024916666666666636
3 0.102796875 0.3456018518518518 0.03718749999999999 0.03037037037037033
3 0.10308333333333333 0.31636111111111115 0.041239583333333336 0.012009259259259284
3 0.10284375 0.25127777777777777 0.035546875 0.026907407407407356
3 0.18584895833333331 0.4019444444444445 0.033156249999999984 0.016509259259259296
3 0.22366145833333334 0.3963703703703704 0.03933854166666665 0.03313888888888886
3 0.2229375 0.3721851851851852 0.03615624999999998 0.015638888888888876
3 0.22409375 0.6452222222222223 0.03846875000000001 0.018500000000000016
3 0.22289062499999998 0.6749814814814815 0.037791666666666696 0.019370370370370437
3 0.22226041666666668 0.725574074074074 0.03133333333333332 0.027972222222222256
3 0.187921875 0.7592777777777777 0.032093750000000004 0.01820370370370378
3 0.18666666666666665 0.7875740740740741 0.03305729166666668 0.019249999999999965
3 0.225203125 0.7837129629629629 0.028536458333333313 0.026962962962962862
3 0.10800520833333334 0.816212962962963 0.04066145833333333 0.03332407407407408
3 0.10684374999999999 0.8482037037037037 0.03834375 0.03248148148148142
3 0.07004687500000001 0.8379166666666668 0.039395833333333324 0.03659259259259257
3 0.06903125 0.8784722222222222 0.03216145833333333 0.01586111111111121
3 0.18859895833333334 0.8427129629629629 0.03691666666666667 0.021500000000000026
3 0.18666666666666665 0.5204537037037037 0.03305729166666668 0.0374814814814815
3 0.221296875 0.4852962962962963 0.03634895833333331 0.02272222222222219
3 0.185703125 0.3095 0.03807291666666668 0.022981481481481526
3 0.3016510416666666 0.2838611111111111 0.04080208333333329 0.030351851851851828
3 0.41240104166666663 0.18710185185185185 0.04080208333333329 0.030351851851851828
3 0.30550520833333333 0.6502592592592592 0.04080208333333329 0.030351851851851828
3 0.3097447916666667 0.6989722222222222 0.04080208333333329 0.030027777777777837
3 0.34408854166666664 0.7545462962962962 0.04080208333333329 0.030351851851851828
3 0.30665624999999996 0.7881574074074075 0.04080208333333329 0.030351851851851828
3 0.34369791666666666 0.7922777777777777 0.04080208333333329 0.030351851851851828
3 0.3487135416666666 0.8451018518518519 0.04080208333333329 0.030351851851851828
3 0.344078125 0.8986111111111111 0.04080208333333329 0.030351851851851828
3 0.3498645833333333 0.9281111111111111 0.04080208333333329 0.030351851851851828
3 0.30394270833333337 0.8738888888888888 0.04080208333333329 0.030351851851851828
3 0.3128125 0.9623981481481483 0.04080208333333329 0.030351851851851932
3 0.21980729166666665 0.8738796296296296 0.04080208333333335 0.030351851851851828
3 0.19009375 0.9568981481481482 0.04080208333333335 0.030351851851851932
3 0.18661979166666667 0.984824074074074 0.04080208333333335 0.030351851851852036
3 0.183140625 0.707111111111111 0.04080208333333335 0.030351851851851828
3 0.18506770833333333 0.4593981481481481 0.04080208333333335 0.030351851851851828
3 0.22790104166666666 0.19298148148148148 0.04080208333333335 0.03035185185185188
3 0.10788541666666666 0.9381666666666667 0.04080208333333335 0.030351851851851932
3 0.06967708333333333 0.8983703703703704 0.04080208333333333 0.033092592592592604
3 0.4675364583333333 0.8640555555555555 0.04080208333333329 0.030351851851851828
3 0.42778645833333334 0.8668055555555555 0.04080208333333329 0.030351851851851828
3 0.4281666666666667 0.8379814814814814 0.04080208333333329 0.030351851851851828
3 0.426234375 0.9258148148148148 0.04080208333333329 0.030351851851851828
3 0.4297083333333333 0.781712962962963 0.04080208333333329 0.030351851851851828
3 0.42777604166666666 0.7542685185185185 0.04080208333333329 0.030351851851851828
3 0.46520312500000005 0.7776018518518518 0.04080208333333329 0.030351851851851828
3 0.5836718750000001 0.6238981481481481 0.04080208333333341 0.030351851851851828
3 0.5470104166666666 0.8517037037037037 0.04080208333333335 0.030351851851851828
3 0.4663541666666667 0.7515277777777778 0.04080208333333329 0.030351851851851828
3 0.5408281250000001 0.7103518518518518 0.04080208333333335 0.030351851851851828
3 0.539671875 0.7350555555555556 0.04080208333333335 0.030351851851851828
3 0.5423697916666667 0.7666203703703705 0.04080208333333335 0.030351851851851828
3 0.7781458333333333 0.6431111111111111 0.04080208333333341 0.030351851851851828
3 0.8178958333333333 0.595074074074074 0.04080208333333341 0.030351851851851828
3 0.662375 0.7625 0.04080208333333341 0.030351851851851828
3 0.5415885416666666 0.6829074074074074 0.04080208333333335 0.030351851851851828
3 0.780453125 0.8215185185185185 0.04080208333333341 0.030351851851851828
3 0.6627552083333333 0.7968148148148148 0.04080208333333341 0.030351851851851828
3 0.7796770833333333 0.7117314814814815 0.04080208333333341 0.030351851851851828
3 0.8171041666666666 0.7076111111111112 0.04080208333333341 0.030351851851851828
3 0.8221197916666667 0.7940648148148148 0.04080208333333341 0.030351851851851828
3 0.8201875 0.8201388888888889 0.04080208333333341 0.030351851851851828
3 0.6986302083333332 0.595074074074074 0.04080208333333341 0.030351851851851828
3 0.8209531250000001 0.6733055555555555 0.04080208333333341 0.030351851851851828
3 0.7788906250000001 0.674675925925926 0.04080208333333341 0.030351851851851828
3 0.7013229166666667 0.44412037037037033 0.04080208333333341 0.030351851851851828
3 0.5805364583333333 0.1778888888888889 0.04080208333333341 0.030351851851851828
3 0.5801458333333334 0.21631481481481482 0.04080208333333341 0.030351851851851828
3 0.5396249999999999 0.26983333333333337 0.04080208333333335 0.030351851851851828
3 0.42578125 0.4468611111111111 0.04080208333333329 0.030351851851851828
3 0.902359375 0.7638796296296296 0.04080208333333341 0.030351851851851828
3 0.7831145833333333 0.7625 0.04080208333333341 0.030351851851851828
3 0.8197760416666667 0.7583888888888889 0.04080208333333341 0.030351851851851828
3 0.9035104166666666 0.8105370370370371 0.04080208333333341 0.030351851851851828
3 0.6561510416666666 0.3274722222222222 0.04080208333333341 0.030351851851851828
3 0.6997552083333333 0.35080555555555554 0.04080208333333341 0.030351851851851828
3 0.9035 0.7405462962962963 0.04080208333333341 0.030351851851851828
3 0.957140625 0.6389907407407408 0.04080208333333341 0.030351851851851828
3 0.9582916666666667 0.6733055555555555 0.04080208333333341 0.030351851851851828
3 0.956359375 0.7062407407407407 0.04080208333333341 0.030351851851851828
3 0.9567447916666667 0.7364259259259259 0.04080208333333341 0.030351851851851828
3 0.9586718750000001 0.7913240740740741 0.04080208333333341 0.030351851851851828
3 0.9567395833333333 0.8173981481481482 0.04080208333333341 0.030351851851851828
3 0.9008020833333333 0.678787037037037 0.04080208333333341 0.030351851851851828
3 0.8993333333333333 0.6513425925925926 0.04080208333333341 0.030351851851851828
3 0.897015625 0.6184074074074074 0.04080208333333341 0.030351851851851828
3 0.9556718750000001 0.6211574074074074 0.04080208333333341 0.030351851851851828
3 0.7827916666666667 0.4358888888888889 0.04080208333333341 0.030351851851851828
3 0.9541302083333334 0.588212962962963 0.04080208333333341 0.030351851851851828
3 0.9549010416666667 0.5676296296296296 0.04080208333333341 0.030351851851851828
3 0.9510416666666667 0.39951851851851855 0.04080208333333341 0.05336111111111111
3 0.8993333333333333 0.3219814814814815 0.04080208333333341 0.030351851851851828
3 0.8993333333333333 0.44 0.04080208333333341 0.030351851851851828
3 0.8993333333333333 0.2959074074074074 0.04080208333333341 0.030351851851851828
3 0.818296875 0.35080555555555554 0.04080208333333341 0.030351851851851828
3 0.8213802083333334 0.26022222222222224 0.04080208333333341 0.030351851851851828
3 0.7797031249999999 0.2094537037037037 0.04080208333333341 0.03035185185185188
4 0.4177916666666667 0.2160277777777778 0.043921874999999964 0.027398148148148126
4 0.42280729166666664 0.2496388888888889 0.043921874999999964 0.02739814814814815
4 0.42975 0.2455277777777778 0.0016093749999999574 0.012314814814814773
4 0.419328125 0.2777685185185185 0.043921874999999964 0.02739814814814818
4 0.420484375 0.2990277777777778 0.043921874999999964 0.02739814814814818
4 0.4224114583333333 0.32166666666666666 0.043921874999999964 0.02739814814814818
4 0.41970833333333335 0.35664814814814816 0.043921874999999964 0.02739814814814818
4 0.4170052083333333 0.3916388888888889 0.043921874999999964 0.02739814814814818
4 0.4235625 0.4211388888888889 0.043921874999999964 0.02739814814814818
4 0.4633072916666666 0.4176944444444445 0.043921874999999964 0.02739814814814818
4 0.4582864583333333 0.3922962962962963 0.043921874999999964 0.02739814814814818
4 0.46330208333333334 0.3600462962962963 0.043921874999999964 0.02739814814814818
4 0.4629114583333333 0.3291574074074074 0.043921874999999964 0.02739814814814818
4 0.46252604166666667 0.3023888888888889 0.043921874999999964 0.02739814814814818
4 0.46213541666666663 0.2715 0.043921874999999964 0.02739814814814818
4 0.46175 0.24199074074074076 0.043921874999999964 0.02739814814814815
4 0.45749999999999996 0.21110185185185187 0.043921874999999964 0.027398148148148126
4 0.4671458333333333 0.4793888888888889 0.043921874999999964 0.027398148148148126
4 0.4652135416666667 0.4471296296296296 0.043921874999999964 0.02739814814814818
4 0.4200625 0.47800000000000004 0.043921874999999964 0.027398148148148126
4 0.41658333333333336 0.5061203703703704 0.043921874999999964 0.02739814814814807
4 0.41619791666666667 0.5424814814814815 0.043921874999999964 0.02739814814814807
4 0.46443229166666666 0.5033611111111111 0.043921874999999964 0.02739814814814807
4 0.4625 0.5438425925925926 0.043921874999999964 0.03288888888888887
4 0.5446927083333333 0.6282314814814814 0.043921874999999964 0.02739814814814807
4 0.5404479166666667 0.6563518518518519 0.043921874999999964 0.02739814814814807
4 0.5408281250000001 0.5911574074074074 0.043921874999999964 0.02739814814814807
4 0.6639270833333334 0.6481018518518519 0.043921874999999964 0.02739814814814807
4 0.6619947916666666 0.6213333333333333 0.043921874999999964 0.02739814814814807
4 0.7017395833333333 0.6796481481481481 0.043921874999999964 0.02739814814814807
4 0.702125 0.6473981481481482 0.043921874999999964 0.02739814814814807
4 0.7048229166666666 0.622 0.043921874999999964 0.02739814814814807
4 0.6643020833333334 0.5952314814814815 0.043921874999999964 0.02739814814814807
4 0.6600520833333333 0.5588518518518518 0.043921874999999964 0.02739814814814807
4 0.7005677083333333 0.5362037037037037 0.043921874999999964 0.02739814814814807
4 0.660046875 0.47375 0.043921874999999964 0.027398148148148126
4 0.7013385416666666 0.4744259259259259 0.043921874999999964 0.027398148148148126
4 0.6577291666666666 0.44765740740740745 0.043921874999999964 0.052194444444444446
4 0.7013333333333333 0.40579629629629627 0.043921874999999964 0.02739814814814818
4 0.8228854166666667 0.3131574074074074 0.043921874999999964 0.02739814814814818
4 0.905078125 0.5828148148148149 0.043921874999999964 0.02739814814814807
4 0.577453125 0.5361481481481482 0.043921874999999964 0.034361111111111016
4 0.29535937500000004 0.4853611111111112 0.043921874999999964 0.027398148148148126
4 0.5836197916666667 0.5924351851851852 0.043921874999999964 0.02739814814814807
4 0.5824583333333333 0.5732222222222223 0.043921874999999964 0.02739814814814807
4 0.5403958333333333 0.42363888888888884 0.043921874999999964 0.02739814814814818
4 0.5438645833333333 0.44834259259259257 0.043921874999999964 0.02739814814814818
4 0.5782083333333333 0.4195277777777778 0.043921874999999964 0.02739814814814818
4 0.5384583333333333 0.4730462962962963 0.043921874999999964 0.027398148148148126
4 0.5797447916666666 0.4840277777777778 0.043921874999999964 0.027398148148148126
4 0.5454010416666667 0.5293148148148148 0.043921874999999964 0.02739814814814807
4 0.5859166666666666 0.5347962962962963 0.043921874999999964 0.02739814814814807
4 0.298890625 0.4272222222222222 0.043921874999999964 0.02739814814814818
4 0.468296875 0.48416666666666663 0.043921874999999964 0.027398148148148126
4 0.303515625 0.5438518518518519 0.043921874999999964 0.02739814814814807
4 0.30390104166666665 0.515712962962963 0.043921874999999964 0.02739814814814807
4 0.29425 0.4450277777777778 0.043921874999999964 0.02739814814814818
4 0.6586093749999999 0.2154259259259259 0.044651041666666676 0.02927777777777778
4 0.65634375 0.26422222222222225 0.03838020833333336 0.025009259259259252
4 0.65421875 0.23866666666666667 0.041078124999999945 0.029462962962962982
4 0.6610677083333333 0.2912314814814815 0.04436458333333325 0.020398148148148124
4 0.6973854166666666 0.2107962962962963 0.031927083333333425 0.03853703703703704
4 0.6961354166666667 0.23377777777777778 0.03289062500000005 0.022768518518518497
4 0.69690625 0.2629351851851852 0.03443749999999994 0.019351851851851832
4 0.6978229166666666 0.287287037037037 0.031057291666666723 0.03102777777777777
4 0.6933333333333334 0.321675925925926 0.030770833333333296 0.02263888888888893
4 0.7005208333333334 0.5604074074074075 0.03646354166666678 0.030972222222222266
4 0.34139583333333334 0.4019444444444445 0.036953125000000024 0.03501851851851857
4 0.34269791666666666 0.43410185185185185 0.03434895833333336 0.028342592592592607
4 0.3403333333333334 0.4545092592592593 0.031359375000000016 0.025953703703703677
4 0.3399479166666667 0.48306481481481484 0.044479166666666715 0.018250000000000034
4 0.3382604166666667 0.5081851851851852 0.03241666666666667 0.028379629629629713
4 0.45951041666666664 0.6143518518518518 0.035343749999999945 0.024648148148148048
4 0.46761458333333333 0.6459907407407407 0.03766145833333331 0.03547222222222217
4 0.46091145833333336 0.6622037037037036 0.029458333333333305 0.027759259259259275
4 0.46091145833333336 0.7013888888888888 0.029458333333333305 0.028981481481481438
4 0.42415625 0.7089351851851852 0.0288697916666667 0.019379629629629688
4 0.42488020833333334 0.6101481481481482 0.032052083333333314 0.019333333333333435
4 0.42521875 0.6368981481481482 0.0344635416666667 0.023462962962962887
4 0.42671354166666664 0.6715462962962963 0.03919270833333333 0.031018518518518518
4 0.34544270833333335 0.6682037037037036 0.038109375000000036 0.021250000000000043
4 0.30150520833333333 0.610574074074074 0.031833333333333276 0.029453703703703652
4 0.3431302083333333 0.6088611111111112 0.03347916666666665 0.013675925925925909
4 0.185078125 0.6649444444444444 0.045500000000000006 0.03325000000000008
4 0.221203125 0.3403703703703704 0.03962500000000002 0.029166666666666667