3 0.16761979166666666 0.7697962962962963 0.060640624999999976 0.13661111111111107
4 0.47994791666666664 0.6965092592592593 0.045999999999999965 0.10128703703703713
4 0.6398541666666666 0.6496111111111111 0.03418749999999993 0.09868518518518511
4 0.9188489583333334 0.5581851851851852 0.054807291666666674 0.06401851851851861
4 0.8434166666666666 0.5936759259259259 0.06051562500000003 0.08274074074074064
4 0.23559375 0.7265648148148148 0.050416666666666644 0.11599074074074073
3 0.304609375 0.7526296296296296 0.06064062500000003 0.13661111111111107
3 0.36596354166666667 0.7409629629629629 0.06064062500000003 0.13661111111111107
3 0.030322916666666665 0.7759444444444444 0.060640625000000004 0.13661111111111107
3 0.42461458333333335 0.7409444444444445 0.06064062500000003 0.13661111111111107
3 0.6001979166666668 0.6894722222222223 0.06064062499999991 0.13661111111111107
4 0.6973489583333333 0.6393148148148149 0.03418749999999993 0.09868518518518511
4 0.5341145833333333 0.6701759259259259 0.034187499999999996 0.09868518518518511
4 0.09920833333333333 0.7408518518518519 0.034187499999999996 0.09868518518518511