4 0.41731010769723764 0.3064167151191241 0.03948132650558651 0.029157162684989482
4 0.33232679496274453 0.3113053574792928 0.03965358992548905 0.035848027652240454
4 0.3325674729399728 0.3349715310885191 0.031454390324390145 0.02145197980896472
4 0.171630859375 0.1400824652777778 0.037750244140625 0.025580512152777776
4 0.296630859375 0.10899522569444445 0.0301513671875 0.025783962673611112
4 0.17236328125 0.16861979166666666 0.0369873046875 0.024061414930555556
4 0.216796875 0.16569010416666666 0.035614013671875 0.026692708333333332
4 0.08477783203125 0.16981336805555555 0.03326416015625 0.022800021701388888
4 0.1717529296875 0.201171875 0.03656005859375 0.024237738715277776
4 0.2958984375 0.2562934027777778 0.033905029296875 0.022447374131944444
4 0.216796875 0.2250434027777778 0.033203125 0.022881401909722224
4 0.216796875 0.2554253472222222 0.033966064453125 0.025689019097222224
4 0.45166015625 0.1636284722222222 0.0309600830078125 0.022976345486111112
4 0.0943603515625 0.3765190972222222 0.0322265625 0.022976345486111112
4 0.091064453125 0.1978081597222222 0.02947998046875 0.0218505859375
4 0.57177734375 0.13096788194444445 0.0299835205078125 0.024617513020833332
4 0.8095703125 0.1537543402777778 0.03179931640625 0.022881401909722224
4 0.68896484375 0.1515842013888889 0.0302734375 0.022976345486111112
4 0.53564453125 0.1728515625 0.033203125 0.023871527777777776
4 0.333740234375 0.16796875 0.031982421875 0.022705078125
4 0.451171875 0.18934461805555555 0.0303802490234375 0.023505316840277776
4 0.89794921875 0.14539930555555555 0.0283355712890625 0.0218505859375
4 0.17529296875 0.22374131944444445 0.03424072265625 0.024427625868055556
4 0.892578125 0.177734375 0.0318603515625 0.024522569444444444
4 0.09588623046875 0.2827690972222222 0.030914306640625 0.023328993055555556
4 0.264892578125 0.5295138888888888 0.0318603515625 0.04543728298611111
4 0.418701171875 0.2185329861111111 0.03192138671875 0.023057725694444444
4 0.17919921875 0.2580295138888889 0.03277587890625 0.025200737847222224
4 0.415771484375 0.16221788194444445 0.03314208984375 0.025689019097222224
4 0.94189453125 0.7634548611111112 0.031982421875 0.022013346354166668
4 0.094482421875 0.4327256944444444 0.032470703125 0.022189670138888888
4 0.77490234375 0.1515842013888889 0.0301513671875 0.023152669270833332
4 0.80810546875 0.18348524305555555 0.0305633544921875 0.022189670138888888
4 0.939453125 0.23828125 0.03271484375 0.022447374131944444
4 0.333740234375 0.2515190972222222 0.0297088623046875 0.022447374131944444
4 0.533203125 0.1220703125 0.03192138671875 0.025200737847222224
4 0.42333984375 0.8993055555555556 0.0322265625 0.024061414930555556
4 0.1357421875 0.2875434027777778 0.0184783935546875 0.052300347222222224
4 0.9365234375 0.21082899305555555 0.03228759765625 0.023600260416666668
4 0.33154296875 0.11859809027777778 0.029083251953125 0.023505316840277776
4 0.331787109375 0.2185329861111111 0.0309600830078125 0.0220947265625
4 0.2152099609375 0.2884114583333333 0.0303802490234375 0.024156358506944444
4 0.2178955078125 0.7035590277777778 0.036285400390625 0.023776584201388888
4 0.216064453125 0.4296875 0.02947998046875 0.022013346354166668
4 0.1788330078125 0.2888454861111111 0.034088134765625 0.024617513020833332
4 0.0567626953125 0.3752170138888889 0.035064697265625 0.024237738715277776
4 0.2149658203125 0.31640625 0.0289764404296875 0.022189670138888888
4 0.09039306640625 0.4657118055555556 0.0333251953125 0.022013346354166668
4 0.1787109375 0.4318576388888889 0.033721923828125 0.022705078125
4 0.1790771484375 0.3452690972222222 0.0322265625 0.022705078125
4 0.80615234375 0.2119140625 0.032470703125 0.022447374131944444
4 0.2127685546875 0.5234375 0.03265380859375 0.025200737847222224
4 0.8916015625 0.2064887152777778 0.033660888671875 0.023328993055555556
4 0.10211181640625 0.5221354166666666 0.0305633544921875 0.023410373263888888
4 0.94140625 0.4383680555555556 0.03155517578125 0.022189670138888888
4 0.8095703125 0.7348090277777778 0.034698486328125 0.021592881944444444
4 0.587890625 0.9409722222222222 0.029144287109375 0.022976345486111112
4 0.45068359375 0.24913194444444445 0.0285491943359375 0.022800021701388888
4 0.0966796875 0.9097222222222222 0.03643798828125 0.026082356770833332
4 0.77392578125 0.1818576388888889 0.030853271484375 0.024617513020833332
4 0.382568359375 0.1877170138888889 0.0311431884765625 0.026190863715277776
4 0.537109375 0.2105034722222222 0.030792236328125 0.023410373263888888
4 0.65234375 0.1818576388888889 0.0313720703125 0.024617513020833332
4 0.54248046875 0.9479166666666666 0.0301513671875 0.025295681423611112
4 0.92333984375 0.03879123263888889 0.033905029296875 0.031005859375
4 0.939453125 0.2658420138888889 0.0316162109375 0.021755642361111112
4 0.77197265625 0.2701822916666667 0.0322265625 0.022528754340277776
4 0.9375 0.29296875 0.0325927734375 0.021511501736111112
4 0.06427001953125 0.9375 0.033782958984375 0.027113172743055556
4 0.810546875 0.4403211805555556 0.03704833984375 0.024997287326388888
4 0.338134765625 0.8693576388888888 0.0304412841796875 0.023776584201388888
4 0.21240234375 0.5555555555555556 0.03265380859375 0.023234049479166668
4 0.181884765625 0.6462673611111112 0.0313720703125 0.021185980902777776
4 0.217041015625 0.8159722222222222 0.037261962890625 0.025783962673611112
4 0.8076171875 0.2979600694444444 0.031494140625 0.023328993055555556
4 0.180419921875 0.7309027777777778 0.0333251953125 0.023410373263888888
4 0.77294921875 0.7365451388888888 0.034942626953125 0.021931966145833332
4 0.892578125 0.4127604166666667 0.03759765625 0.024997287326388888
4 0.2120361328125 0.3459201388888889 0.0304412841796875 0.024617513020833332
4 0.09320068359375 0.7925347222222222 0.03955078125 0.024427625868055556
4 0.177978515625 0.3743489583333333 0.03167724609375 0.022528754340277776
4 0.298095703125 0.8146701388888888 0.0305023193359375 0.021931966145833332
4 0.896484375 0.7052951388888888 0.033721923828125 0.019992404513888888
4 0.8984375 0.5308159722222222 0.0311431884765625 0.023234049479166668
4 0.2198486328125 0.90625 0.0306243896484375 0.022528754340277776
4 0.77392578125 0.23893229166666666 0.033843994140625 0.025485568576388888
4 0.45947265625 0.8394097222222222 0.0318603515625 0.022976345486111112
4 0.2178955078125 0.7569444444444444 0.03289794921875 0.023410373263888888
4 0.45654296875 0.8077256944444444 0.02947998046875 0.022800021701388888
4 0.88916015625 0.4704861111111111 0.03521728515625 0.021755642361111112
4 0.8134765625 0.8532986111111112 0.031494140625 0.023152669270833332
4 0.057586669921875 0.5264756944444444 0.040771484375 0.029052734375
4 0.30322265625 0.9019097222222222 0.03143310546875 0.023600260416666668
4 0.89453125 0.5876736111111112 0.035888671875 0.022800021701388888
4 0.0970458984375 0.96875 0.0306243896484375 0.024522569444444444
4 0.8935546875 0.267578125 0.0305633544921875 0.021267361111111112
4 0.09332275390625 0.22916666666666666 0.0321044921875 0.026285807291666668
4 0.77197265625 0.7916666666666666 0.0316162109375 0.021267361111111112
4 0.2210693359375 0.8485243055555556 0.029541015625 0.022528754340277776
4 0.775390625 0.4691840277777778 0.030792236328125 0.022528754340277776
4 0.9384765625 0.3240017361111111 0.03204345703125 0.023152669270833332
4 0.298095703125 0.5529513888888888 0.0318603515625 0.021430121527777776
4 0.42138671875 0.9557291666666666 0.03167724609375 0.024807400173611112
4 0.1806640625 0.9348958333333334 0.034820556640625 0.024427625868055556
4 0.89599609375 0.2380642361111111 0.028656005859375 0.023776584201388888
4 0.2197265625 0.9331597222222222 0.030670166015625 0.023234049479166668
4 0.302001953125 0.9305555555555556 0.03253173828125 0.025200737847222224
4 0.2978515625 0.3411458333333333 0.029754638671875 0.021511501736111112
4 0.1788330078125 0.4908854166666667 0.033538818359375 0.021674262152777776
4 0.77392578125 0.4108072916666667 0.03179931640625 0.021348741319444444
4 0.21337890625 0.6158854166666666 0.0302734375 0.021511501736111112
4 0.8974609375 0.84765625 0.038177490234375 0.024997287326388888
4 0.65576171875 0.7087673611111112 0.0322265625 0.022528754340277776
4 0.33740234375 0.9574652777777778 0.0279541015625 0.023234049479166668
4 0.0948486328125 0.6158854166666666 0.03167724609375 0.020073784722222224
4 0.6943359375 0.734375 0.0296478271484375 0.022013346354166668
4 0.65771484375 0.8233506944444444 0.03216552734375 0.024712456597222224
4 0.33544921875 0.6436631944444444 0.0284423828125 0.021592881944444444
4 0.8095703125 0.3266059027777778 0.0313720703125 0.023234049479166668
4 0.1834716796875 0.90625 0.0310211181640625 0.023328993055555556
4 0.301025390625 0.9861111111111112 0.0330810546875 0.025390625
4 0.69287109375 0.7942708333333334 0.03314208984375 0.024061414930555556
4 0.697265625 0.015977647569444444 0.01507568359375 0.03076171875
4 0.943359375 0.8519965277777778 0.030670166015625 0.022705078125
4 0.42236328125 0.8094618055555556 0.030670166015625 0.022705078125
4 0.33935546875 0.9861111111111112 0.0310821533203125 0.025092230902777776
4 0.81005859375 0.5299479166666666 0.0321044921875 0.0220947265625
4 0.8857421875 0.2955729166666667 0.0310821533203125 0.021511501736111112
4 0.8984375 0.3524305555555556 0.03594970703125 0.025200737847222224
4 0.22119140625 0.9609375 0.031982421875 0.023966471354166668
4 0.2135009765625 0.4605034722222222 0.028106689453125 0.021755642361111112
4 0.9404296875 0.46875 0.03021240234375 0.023600260416666668
4 0.1820068359375 0.6744791666666666 0.03253173828125 0.022705078125
4 0.333251953125 0.5199652777777778 0.0296478271484375 0.02490234375
4 0.939453125 0.3537326388888889 0.0312042236328125 0.022271050347222224
4 0.7724609375 0.3543836805555556 0.03179931640625 0.022623697916666668
4 0.5390625 0.7960069444444444 0.03265380859375 0.025200737847222224
4 0.3408203125 0.7269965277777778 0.0311431884765625 0.023410373263888888
4 0.8076171875 0.2387152777777778 0.0311431884765625 0.022881401909722224
4 0.5732421875 0.7378472222222222 0.0305023193359375 0.022447374131944444
4 0.2998046875 0.6137152777777778 0.0328369140625 0.021023220486111112
4 0.53955078125 0.8263888888888888 0.033203125 0.023234049479166668
4 0.10107421875 0.8771701388888888 0.033660888671875 0.025987413194444444
4 0.77392578125 0.5907118055555556 0.03143310546875 0.021592881944444444
4 0.7490234375 0.014784071180555556 0.0142822265625 0.028157552083333332
4 0.061309814453125 0.6202256944444444 0.03662109375 0.022447374131944444
4 0.775390625 0.5325520833333334 0.03240966796875 0.0218505859375
4 0.81396484375 0.4717881944444444 0.03216552734375 0.021931966145833332
4 0.6787109375 0.014227973090277778 0.01363372802734375 0.027208116319444444
4 0.6923828125 0.8515625 0.0330810546875 0.024617513020833332
4 0.802734375 0.010308159722222222 0.0153045654296875 0.019083658854166668
4 0.66015625 0.01416015625 0.0144500732421875 0.026380750868055556
4 0.77734375 0.8498263888888888 0.0352783203125 0.021931966145833332
4 0.81201171875 0.5629340277777778 0.03131103515625 0.021430121527777776
4 0.1827392578125 0.8728298611111112 0.036773681640625 0.032524956597222224
4 0.2978515625 0.4895833333333333 0.032470703125 0.022447374131944444
4 0.716796875 0.4424913194444444 0.034820556640625 0.035807291666666664
4 0.296630859375 0.8420138888888888 0.0301055908203125 0.021592881944444444
4 0.218505859375 0.9861111111111112 0.0279083251953125 0.023776584201388888
4 0.77294921875 0.2990451388888889 0.0312042236328125 0.021931966145833332
4 0.06243896484375 0.9661458333333334 0.03289794921875 0.023871527777777776
4 0.73095703125 0.01275634765625 0.0163421630859375 0.024061414930555556
4 0.303466796875 0.7560763888888888 0.03253173828125 0.022623697916666668
4 0.65673828125 0.8532986111111112 0.0310821533203125 0.023505316840277776
4 0.7666015625 0.012559678819444444 0.0153045654296875 0.023410373263888888
4 0.30712890625 0.6727430555555556 0.0272216796875 0.023695203993055556
4 0.421630859375 0.9835069444444444 0.03216552734375 0.023695203993055556
4 0.57958984375 0.7673611111111112 0.0294189453125 0.023410373263888888
4 0.303955078125 0.7274305555555556 0.03021240234375 0.024061414930555556
4 0.049041748046875 0.6671006944444444 0.0266571044921875 0.03526475694444445
4 0.71484375 0.017795138888888888 0.0154876708984375 0.033610026041666664
4 0.77587890625 0.3255208333333333 0.0313720703125 0.02490234375
4 0.50341796875 0.2905815972222222 0.02191162109375 0.04747178819444445
4 0.4189453125 0.7300347222222222 0.0309600830078125 0.022189670138888888
4 0.572265625 0.8537326388888888 0.0311431884765625 0.024807400173611112
4 0.5751953125 0.8237847222222222 0.03167724609375 0.022271050347222224
4 0.7861328125 0.011759440104166666 0.0141754150390625 0.021430121527777776
4 0.5029296875 0.4752604166666667 0.01483917236328125 0.05433485243055555
4 0.6572265625 0.2994791666666667 0.033599853515625 0.024237738715277776
4 0.6236979166666666 0.9875 0.0328125 0.025
4 0.80126953125 0.6202256944444444 0.044677734375 0.024156358506944444
4 0.6513671875 0.1488715277777778 0.038177490234375 0.027004665798611112
4 0.6123046875 0.8780381944444444 0.017303466796875 0.05685763888888889
4 0.09979248046875 0.6640625 0.0225830078125 0.034912109375
4 0.0755615234375 0.6519097222222222 0.0233306884765625 0.033935546875
4 0.693359375 0.18055555555555555 0.040374755859375 0.028157552083333332
4 0.6435546875 0.012810601128472222 0.01512908935546875 0.024237738715277776
4 0.50390625 0.609375 0.0142822265625 0.032660590277777776