4 0.4958489583333333 0.27409259259259255 0.026656250000000034 0.038712962962962914
4 0.37402604166666664 0.9756944444444444 0.017442708333333338 0.04793518518518517
4 0.9228541666666668 0.037925925925925925 0.03277604166666658 0.030759259259259257
4 0.138671875 0.3732685185185185 0.016020833333333328 0.052898148148148146
4 0.2946770833333333 0.10818518518518519 0.030729166666666665 0.025
4 0.09368749999999999 0.28320370370370374 0.03161458333333333 0.023407407407407384
4 0.09136979166666667 0.7921018518518519 0.03942708333333333 0.02480555555555552
4 0.06292708333333333 0.9383703703703704 0.033140625 0.027740740740740774
4 0.3298333333333333 0.11902777777777779 0.03216666666666666 0.02218518518518518
4 0.09125 0.3786851851851852 0.03179687500000001 0.023694444444444473
4 0.5703125 0.13075 0.03004687500000003 0.02471296296296296
4 0.896484375 0.8476574074074075 0.03775000000000001 0.025092592592592507
4 0.7768541666666666 0.849388888888889 0.03573437500000007 0.0220925925925925
4 0.9423854166666668 0.8515648148148148 0.031020833333333307 0.02262037037037043
4 0.053984375 0.37587037037037035 0.03418229166666666 0.023407407407407384
4 0.5947291666666668 0.9418425925925926 0.028869791666666582 0.02377777777777773
4 0.5327135416666666 0.12141666666666666 0.03185937500000004 0.025685185185185193
4 0.2995625 0.9861111111111112 0.03384375000000001 0.023870370370370556
4 0.2578125 0.5355925925925926 0.029145833333333353 0.05026851851851848
4 0.3364270833333334 0.8702222222222222 0.031083333333333366 0.02262037037037043
4 0.09008854166666666 0.4346759259259259 0.03408854166666666 0.023333333333333376
4 0.5444322916666666 0.9479166666666666 0.03277604166666664 0.025388888888888957
4 0.3395989583333333 0.9861111111111112 0.03384375000000001 0.024425925925926028
4 0.4223645833333334 0.8993055555555556 0.03192187499999998 0.024157407407407332
4 0.4201666666666667 0.9843796296296298 0.0327760416666667 0.02252777777777771
4 0.3022447916666666 0.9027777777777778 0.03173958333333336 0.024898148148148242
4 0.9404322916666668 0.7630185185185184 0.03302083333333338 0.023055555555555638
4 0.4592291666666667 0.8398425925925925 0.03185937500000004 0.023777777777777835
4 0.09503125 0.96875 0.0313125 0.025583333333333434
4 0.08123958333333332 0.1698148148148148 0.033781250000000006 0.022972222222222224
4 0.08831770833333333 0.19812962962962963 0.030276041666666663 0.022092592592592605
4 0.748046875 0.0145 0.014177083333333229 0.02826851851851852
4 0.8120104166666666 0.8528611111111112 0.03271354166666664 0.02369444444444437
4 0.8955104166666668 0.7048611111111112 0.03402604166666663 0.019759259259259185
4 0.6596666666666666 0.013212962962962963 0.014281250000000039 0.025481481481481483
4 0.419921875 0.9557314814814816 0.032895833333333374 0.023962962962963064
4 0.332765625 0.16774999999999998 0.03079166666666661 0.022527777777777765
4 0.17919791666666668 0.9348981481481482 0.03488020833333335 0.025203703703703728
4 0.060640625000000004 0.9670185185185186 0.033385416666666674 0.024064814814814612
4 0.2109375 0.61675 0.030624999999999975 0.02069444444444436
4 0.086484375 0.4670185185185185 0.035062499999999996 0.021268518518518544
4 0.2160625 0.7573796296296297 0.03246875000000002 0.02360185185185186
4 0.8969739583333334 0.14496296296296296 0.027739583333333446 0.022009259259259242
4 0.5190416666666666 0.9824351851851851 0.030213541666666722 0.03512962962962968
4 0.6772447916666666 0.013787037037037037 0.013687500000000104 0.026694444444444444
4 0.21496354166666667 0.16569444444444442 0.03494270833333335 0.025990740740740734
4 0.6079114583333334 0.875 0.021531250000000075 0.05652777777777773
4 0.69140625 0.8515648148148148 0.03271354166666664 0.025092592592592507
4 0.09588541666666667 0.9105925925925926 0.03533854166666665 0.027203703703703806
4 0.3359375 0.9592037037037038 0.028489583333333356 0.023407407407407488
4 0.8090833333333334 0.7348055555555556 0.034182291666666725 0.022009259259259242
4 0.21435416666666668 0.8172777777777778 0.037473958333333356 0.025481481481481466
4 0.21838541666666667 0.9340277777777778 0.03185937499999998 0.023407407407407384
4 0.2170416666666667 0.987851851851852 0.029145833333333353 0.023055555555555638
4 0.65625 0.8546018518518519 0.030916666666666735 0.023148148148148147
4 0.29980729166666664 0.931425925925926 0.03302083333333338 0.025296296296296237
4 0.8935572916666668 0.587675925925926 0.03689583333333341 0.023055555555555638
4 0.17846875 0.7317685185185184 0.03423958333333334 0.023962962962963064
4 0.1696770833333333 0.1402962962962963 0.03845312500000002 0.026287037037037025
4 0.219484375 0.9618055555555556 0.03372395833333333 0.02415740740740754
4 0.7294947916666668 0.01237037037037037 0.015718749999999913 0.02387037037037037
4 0.712890625 0.01738888888888889 0.01530208333333339 0.032712962962962965
4 0.9399427083333334 0.46875 0.03010416666666676 0.022351851851851894
4 0.38940625 0.1890185185185185 0.031614583333333356 0.023777777777777783
4 0.21838541666666667 0.9071203703703704 0.03079166666666667 0.021592592592592535
4 0.765625 0.012462962962962964 0.01519270833333337 0.02287962962962963
4 0.6962916666666668 0.016101851851851853 0.014901041666666733 0.030759259259259257
4 0.8081041666666666 0.15212962962962964 0.033083333333333326 0.023870370370370344
4 0.771484375 0.7361111111111112 0.0360104166666666 0.022444444444444454
4 0.100890625 0.5234351851851852 0.02975520833333333 0.024425925925926028
4 0.21996875 0.849824074074074 0.03015104166666666 0.022351851851851946
4 0.2963854166666666 0.8155370370370371 0.031203125000000043 0.02252777777777771
4 0.05728124999999999 0.6206574074074074 0.03271354166666666 0.022444444444444454
4 0.9907239583333334 0.1758888888888889 0.016463541666666734 0.04014814814814816
4 0.7705104166666668 0.7916666666666666 0.032229166666666725 0.02175925925925926
4 0.047151041666666664 0.6688333333333334 0.025328124999999996 0.0360000000000001
4 0.184203125 0.8736944444444444 0.03222916666666666 0.03252777777777788
4 0.8969739583333334 0.5308148148148147 0.031020833333333307 0.023407407407407384
4 0.3315416666666666 0.21853703703703706 0.02954166666666668 0.02175925925925926
4 0.09911979166666667 0.8793425925925926 0.033781250000000006 0.025879629629629673
4 0.210328125 0.3461388888888889 0.03015104166666666 0.024157407407407436
4 0.9404322916666668 0.4379351851851852 0.03161458333333324 0.022009259259259242
4 0.53515625 0.17317592592592593 0.032411458333333344 0.02396296296296296
4 0.5717760416666666 0.8546018518518519 0.03161458333333324 0.024712962962963013
4 0.054411458333333336 0.5277777777777778 0.03891145833333332 0.028944444444444436
4 0.21130208333333333 0.5559907407407407 0.03246875000000002 0.022444444444444454
4 0.8012708333333334 0.010351851851851852 0.014901041666666733 0.018870370370370367
4 0.501953125 0.4752592592592592 0.014447916666666671 0.0551481481481481
4 0.8930677083333334 0.17404629629629628 0.029875000000000065 0.025203703703703676
4 0.21142708333333332 0.5238703703703703 0.03167708333333336 0.024425925925926028
4 0.9375 0.324 0.03259374999999996 0.0227962962962963
4 0.2944322916666666 0.2565092592592592 0.03359895833333333 0.022268518518518476
4 0.41504166666666664 0.16156481481481483 0.03390624999999995 0.025388888888888905
4 0.17309375 0.22352777777777777 0.03423958333333334 0.024064814814814824
4 0.21484375 0.2547777777777778 0.03390625000000001 0.02658333333333337
4 0.7729479166666666 0.1505 0.030276041666666722 0.022527777777777765
4 0.1818854166666667 0.9071203703703704 0.03114062499999998 0.023231481481481405
4 0.896484375 0.3513425925925926 0.03775000000000001 0.024064814814814824
4 0.9365260416666668 0.20941666666666667 0.03396354166666669 0.025388888888888905
4 0.21398958333333334 0.22525925925925927 0.031796874999999974 0.022620370370370377
4 0.177125 0.4913240740740741 0.03408854166666669 0.02175925925925926
4 0.17041145833333332 0.20160185185185184 0.035947916666666656 0.02396296296296296
4 0.21325520833333333 0.28798148148148145 0.03050000000000003 0.02529629629629634
4 0.21496354166666667 0.7039907407407406 0.037046875 0.024898148148148242
4 0.8090833333333334 0.5299444444444444 0.03265624999999991 0.02262037037037043
4 0.2951666666666667 0.8424444444444444 0.030624999999999975 0.021935185185185235
4 0.4201666666666667 0.8094629629629629 0.030958333333333362 0.021935185185185235
4 0.17627083333333332 0.37478703703703703 0.032838541666666644 0.021851851851851872
4 0.5390625 0.8263888888888888 0.03277604166666664 0.023777777777777835
4 0.6572291666666668 0.823787037037037 0.031203124999999925 0.024333333333333308
4 0.6875 0.15158333333333335 0.028104166666666687 0.021425925925925914
4 0.9384791666666668 0.35264814814814816 0.03167708333333342 0.022009259259259242
4 0.888671875 0.4704907407407407 0.03494270833333341 0.020944444444444398
4 0.9375 0.29318518518518516 0.033140625000000055 0.022444444444444454
4 0.21277083333333333 0.31684259259259256 0.030276041666666663 0.023231481481481513
4 0.17736979166666667 0.4316388888888889 0.034364583333333344 0.022351851851851838
4 0.17041145833333332 0.16829629629629628 0.03582812499999998 0.02442592592592592
4 0.5727552083333334 0.738712962962963 0.03033333333333322 0.022879629629629663
4 0.455078125 0.8085925925925925 0.029984374999999966 0.02297222222222217
4 0.296875 0.34179629629629626 0.031614583333333356 0.021425925925925914
4 0.892578125 0.41232407407407407 0.037109375 0.023870370370370344
4 0.17676041666666667 0.28840740740740745 0.03469791666666667 0.024333333333333308
4 0.17980729166666667 0.6753518518518519 0.03228645833333334 0.022703703703703688
4 0.6923854166666668 0.7942685185185184 0.03259374999999996 0.02350925925925935
4 0.693359375 0.7352407407407406 0.02975520833333339 0.022185185185185217
4 0.7734375 0.5907129629629629 0.03149479166666656 0.02142592592592602
4 0.17676041666666667 0.25781481481481483 0.033203125 0.0246203703703704
4 0.7758802083333334 0.5321203703703704 0.03143229166666662 0.02252777777777771
4 0.21472395833333333 0.4299074074074074 0.03015104166666666 0.022444444444444454
4 0.449953125 0.1893425925925926 0.02975520833333339 0.023333333333333324
4 0.9384791666666668 0.23827777777777776 0.033322916666666674 0.02262037037037035
4 0.806640625 0.18250925925925926 0.030625000000000093 0.022703703703703688
4 0.45019791666666664 0.16362962962962962 0.031020833333333307 0.023407407407407436
4 0.810546875 0.5620648148148147 0.03192187499999998 0.021351851851851802
4 0.18066666666666667 0.6471388888888888 0.031796874999999974 0.022444444444444454
4 0.3395989583333333 0.7274351851851851 0.030104166666666644 0.023333333333333376
4 0.417234375 0.7304722222222222 0.03173958333333336 0.022185185185185217
4 0.3322760416666667 0.5186666666666666 0.028703124999999947 0.023777777777777835
4 0.9384791666666668 0.26519444444444445 0.031312499999999945 0.022092592592592605
4 0.332765625 0.6158888888888888 0.028593750000000046 0.022185185185185217
4 0.7734375 0.41059259259259256 0.03079166666666661 0.021675925925925897
4 0.888671875 0.2944907407407408 0.030380208333333294 0.02297222222222217
4 0.17663541666666666 0.34505555555555556 0.033140625 0.022620370370370325
4 0.57421875 0.823787037037037 0.03161458333333324 0.023333333333333376
4 0.5356458333333334 0.21083333333333332 0.030213541666666722 0.023407407407407384
4 0.6508802083333334 0.18218518518518517 0.031984374999999926 0.02442592592592592
4 0.21191666666666667 0.46093518518518517 0.028062499999999997 0.021935185185185235
4 0.3024895833333333 0.7565092592592593 0.033322916666666674 0.022185185185185217
4 0.8110364583333334 0.47091666666666665 0.03378125000000007 0.023509259259259247
4 0.7724635416666668 0.18055555555555555 0.030958333333333362 0.024064814814814824
4 0.8095729166666668 0.43966666666666665 0.035947916666666656 0.024518518518518537
4 0.8081041666666666 0.3263888888888889 0.030958333333333362 0.023231481481481513
4 0.5385729166666666 0.7964444444444444 0.03185937500000004 0.024518518518518537
4 0.417234375 0.21842592592592594 0.03149479166666668 0.023148148148148147
4 0.3325208333333334 0.31162962962962965 0.02844270833333328 0.021268518518518544
4 0.5322291666666666 0.24349074074074076 0.030916666666666613 0.022185185185185193
4 0.4567864583333333 0.7265648148148148 0.03149479166666668 0.023333333333333376
4 0.294921875 0.6145833333333334 0.03567708333333333 0.021351851851851802
4 0.8051770833333334 0.2115925925925926 0.03259374999999996 0.022185185185185165
4 0.331296875 0.25151851851851853 0.030671875000000053 0.022351851851851838
4 0.7729479166666666 0.3537314814814815 0.02975520833333339 0.02175925925925926
4 0.7734375 0.4683148148148148 0.029984375000000084 0.022620370370370377
4 0.3032239583333334 0.7282962962962962 0.030213541666666663 0.023962962962963064
4 0.771484375 0.2701851851851852 0.032229166666666725 0.023231481481481513
4 0.890625 0.20583333333333334 0.03359895833333345 0.023509259259259247
4 0.8071302083333334 0.29709259259259263 0.032041666666666656 0.022879629629629663
4 0.5724947916666667 0.6873055555555555 0.029588541666666638 0.022444444444444454
4 0.2954114583333334 0.5533888888888888 0.03253125000000002 0.02142592592592602
4 0.2954114583333334 0.3135833333333333 0.03302083333333338 0.021027777777777812
4 0.806640625 0.23827777777777776 0.03079166666666661 0.02333333333333335
4 0.8940416666666666 0.2662777777777778 0.030276041666666722 0.020222222222222253
4 0.8955104166666668 0.2369814814814815 0.029036458333333334 0.024240740740740722
4 0.78515625 0.011268518518518518 0.014281250000000039 0.02077777777777778
4 0.073546875 0.6527777777777778 0.023192708333333343 0.033092592592592604
4 0.7739270833333334 0.2975277777777778 0.02975520833333339 0.02175925925925926
4 0.7758802083333334 0.32508333333333334 0.029203125000000087 0.024240740740740695
4 0.6904322916666668 0.1803425925925926 0.04092187500000009 0.027629629629629608
4 0.0910625 0.22937962962962963 0.03302083333333332 0.026194444444444465
4 0.6420885416666666 0.012277777777777776 0.015541666666666742 0.023407407407407408
4 0.8002916666666666 0.6206574074074074 0.04519791666666677 0.024157407407407332
4 0.09790104166666666 0.6649351851851851 0.02319270833333335 0.034722222222222224
4 0.5034166666666666 0.6289074074074075 0.012427083333333281 0.05496296296296287
4 0.07159375 0.5577222222222222 0.03515625 0.028833333333333426
4 0.057374999999999995 0.3049074074074074 0.021651041666666662 0.0323333333333333
4 0.8198229166666666 0.009101851851851852 0.016343750000000056 0.014962962962962963
4 0.4157708333333333 0.11577777777777779 0.034609375000000026 0.025388888888888878
4 0.046114583333333334 0.7469629629629629 0.02241666666666666 0.09999074074074076
4 0.495359375 0.013212962962962963 0.016526041666666675 0.02086111111111111
4 0.8305677083333334 0.11599074074074073 0.013427083333333438 0.027314814814814802
4 0.17028645833333333 0.07232407407407407 0.011916666666666664 0.009537037037037047
4 0.309328125 0.04866666666666667 0.010734374999999947 0.01836111111111111
4 0.5739114583333333 0.554787037037037 0.03185937500000004 0.024518518518518537
4 0.5336822916666667 0.59475 0.03185937500000004 0.024518518518518537
4 0.5392708333333334 0.6490092592592592 0.03185937500000004 0.024518518518518537
4 0.4180052083333334 0.24837962962962962 0.03149479166666668 0.023148148148148147
4 0.4187708333333333 0.3040648148148148 0.03149479166666668 0.023148148148148147
4 0.4171302083333333 0.3426018518518518 0.03149479166666668 0.023148148148148147
4 0.413078125 0.3639722222222222 0.03149479166666668 0.023148148148148147
4 0.41465104166666666 0.38963888888888887 0.03149479166666668 0.023148148148148147
4 0.41541666666666666 0.42674074074074075 0.03149479166666668 0.023148148148148147
4 0.45718749999999997 0.41810185185185184 0.03149479166666668 0.023148148148148147
4 0.4531354166666667 0.45662962962962966 0.03149479166666668 0.023148148148148147
4 0.4547083333333333 0.3579351851851852 0.03149479166666668 0.023148148148148147
4 0.45226041666666666 0.3936018518518518 0.03149479166666668 0.023148148148148147
4 0.5318177083333333 0.42212962962962963 0.03149479166666668 0.023148148148148147
4 0.45219270833333336 0.3048425925925926 0.03149479166666668 0.023148148148148147
4 0.4529635416666667 0.33479629629629626 0.03149479166666668 0.023148148148148147
4 0.5630677083333333 0.47768518518518516 0.03149479166666656 0.023148148148148147
4 0.44967708333333334 0.21601851851851853 0.03149479166666668 0.023148148148148147
4 0.45205208333333335 0.26884259259259263 0.03149479166666668 0.023148148148148147
4 0.6540625 0.27075000000000005 0.031984374999999926 0.02442592592592592
4 0.6508125 0.29641666666666666 0.031984374999999926 0.02442592592592592
4 0.6917760416666667 0.3606759259259259 0.031984374999999926 0.02442592592592592
4 0.6523489583333333 0.3591851851851852 0.031984374999999926 0.02442592592592592
4 0.6547968750000001 0.415 0.031984374999999926 0.02442592592592592
4 0.6853125 0.32916666666666666 0.031984374999999926 0.02442592592592592
4 0.6547291666666666 0.4391759259259259 0.031984374999999926 0.02442592592592592
4 0.6912031249999999 0.24317592592592593 0.04092187500000009 0.027629629629629632
4 0.693578125 0.26884259259259263 0.04092187500000009 0.02762962962962966
4 0.6911302083333334 0.3002222222222222 0.04092187500000009 0.02762962962962966
4 0.6935104166666667 0.21152777777777776 0.04092187500000009 0.027629629629629608
4 0.6944479166666666 0.5678888888888889 0.030958333333333362 0.024064814814814824
4 0.7675729166666667 0.24761111111111112 0.030958333333333362 0.024064814814814824
4 0.69521875 0.6264351851851852 0.030958333333333362 0.024064814814814824
4 0.654984375 0.6778333333333333 0.030958333333333362 0.024064814814814824
4 0.6879114583333333 0.6606111111111111 0.030958333333333362 0.024064814814814824
4 0.6902916666666666 0.6819907407407407 0.030958333333333362 0.024064814814814824
4 0.6548802083333333 0.6190277777777777 0.030958333333333362 0.024064814814814824
4 0.6572604166666667 0.5960833333333333 0.030958333333333362 0.024064814814814824
4 0.6909895833333334 0.7618425925925926 0.030958333333333362 0.024064814814814824
4 0.649953125 0.7131759259259259 0.030958333333333362 0.024064814814814824
4 0.6539375 0.5287037037037037 0.030958333333333362 0.018342592592592542
4 0.41698958333333336 0.5124444444444445 0.03149479166666668 0.023148148148148147
4 0.4563489583333334 0.5152407407407408 0.03149479166666668 0.023148148148148147
4 0.45148958333333333 0.5494814814814816 0.03149479166666668 0.023148148148148147
4 0.4112604166666667 0.5422685185185185 0.03149479166666668 0.023148148148148147
4 0.4184583333333334 0.6379814814814815 0.03149479166666668 0.023148148148148147
4 0.41440625 0.6157592592592592 0.03149479166666668 0.026888888888888855
4 0.4159791666666666 0.7021851851851852 0.03149479166666668 0.023148148148148147
4 0.41514062500000004 0.6720925925925926 0.03149479166666668 0.023148148148148147
4 0.452890625 0.6648796296296297 0.03149479166666668 0.023148148148148147
4 0.4536614583333333 0.6319351851851852 0.03149479166666668 0.023148148148148147
4 0.45523437499999997 0.6118611111111111 0.03149479166666668 0.023148148148148147
4 0.5404166666666667 0.648962962962963 0.03149479166666662 0.023148148148148147
4 0.45033854166666665 0.6989351851851852 0.03149479166666668 0.023148148148148147
4 0.5708958333333333 0.533037037037037 0.03149479166666656 0.023148148148148147
4 0.5716666666666667 0.7045185185185185 0.03149479166666656 0.023148148148148147
4 0.5338437500000001 0.6229722222222221 0.03149479166666662 0.023148148148148147
4 0.5330052083333333 0.5700092592592593 0.03149479166666668 0.023148148148148147
4 0.5345833333333334 0.5356388888888889 0.03149479166666662 0.023148148148148147
4 0.5811770833333333 0.7871666666666667 0.03149479166666656 0.023148148148148147
4 0.5706875 0.7642314814814815 0.03149479166666656 0.023148148148148147
4 0.33329166666666665 0.3430185185185185 0.02844270833333328 0.021268518518518544
4 0.33646875 0.3972685185185185 0.02844270833333328 0.021268518518518544
4 0.2890052083333333 0.4200740740740741 0.02844270833333328 0.021268518518518544
4 0.28735937500000003 0.4028611111111111 0.02844270833333328 0.027333333333333317
4 0.3307395833333333 0.4313796296296296 0.02844270833333328 0.021268518518518544
4 0.3282916666666667 0.28122222222222226 0.02844270833333328 0.021268518518518544
4 0.42071354166666663 0.47556481481481483 0.02844270833333328 0.021268518518518544
4 0.33224479166666665 0.45835185185185184 0.02844270833333328 0.021268518518518544
4 0.3338177083333333 0.48973148148148143 0.02844270833333328 0.021268518518518544
4 0.5354114583333334 0.30060185185185184 0.030916666666666672 0.022185185185185217
4 0.53859375 0.3305648148148148 0.030916666666666672 0.022185185185185217
4 0.532125 0.36480555555555555 0.030916666666666613 0.02641666666666664
4 0.5771093749999999 0.4433611111111111 0.030916666666666735 0.022185185185185217
4 0.573859375 0.41185185185185186 0.030916666666666735 0.022185185185185217
4 0.5673958333333334 0.26739814814814816 0.030916666666666735 0.022185185185185217
4 0.5681666666666667 0.23588888888888887 0.030916666666666735 0.016462962962962936
4 0.5705416666666667 0.30014814814814816 0.030916666666666735 0.022185185185185217
4 0.5689010416666667 0.35583333333333333 0.030916666666666735 0.022185185185185217
4 0.566453125 0.3271759259259259 0.030916666666666735 0.022185185185185217
4 0.6604791666666666 0.24276851851851852 0.030916666666666735 0.022185185185185193
4 0.6507968749999999 0.20697222222222222 0.030916666666666735 0.022185185185185165
4 0.6531770833333332 0.4699351851851852 0.030916666666666735 0.022185185185185217
4 0.6869062499999999 0.47844444444444445 0.030916666666666735 0.022185185185185217
4 0.7029479166666667 0.43406481481481485 0.030916666666666735 0.022185185185185217
4 0.6892499999999999 0.4211388888888889 0.030916666666666735 0.022185185185185217
4 0.652234375 0.3824722222222222 0.030916666666666735 0.022185185185185217
4 0.689984375 0.3895555555555556 0.030916666666666735 0.022185185185185217
4 0.32784895833333333 0.6373888888888889 0.03567708333333333 0.021351851851851802
4 0.33344270833333334 0.6702037037037037 0.03567708333333333 0.021351851851851802
4 0.29722916666666666 0.6744259259259259 0.03567708333333333 0.021351851851851802
3 0.9424843749999999 0.3837777777777778 0.02769270833333337 0.03737962962962963
3 0.9408437500000001 0.5666944444444444 0.02769270833333337 0.03737962962962953
3 0.9367864583333334 0.5337500000000001 0.02769270833333337 0.03737962962962953
3 0.9447916666666667 0.580851851851852 0.02769270833333337 0.03737962962962953
3 0.886875 0.5636388888888889 0.02769270833333337 0.03737962962962953
3 0.943734375 0.6207870370370371 0.034296874999999956 0.03794444444444446
3 0.889875 0.6726944444444445 0.04395312499999993 0.04278703703703707
3 0.8902812499999999 0.6466018518518519 0.04154687499999999 0.032074074074074164
3 0.8933489583333334 0.6088981481481481 0.04768229166666676 0.03314814814814811
3 0.9387187499999999 0.6493425925925925 0.02769270833333337 0.03737962962962953
3 0.9427395833333333 0.6821574074074074 0.02769270833333337 0.03737962962962953
3 0.9443489583333334 0.7078240740740741 0.02769270833333337 0.03737962962962953
3 0.8912864583333333 0.7620833333333333 0.02769270833333337 0.03737962962962953
3 0.9475625 0.8034722222222223 0.02769270833333337 0.03737962962962953
3 0.8912864583333333 0.7933981481481481 0.02769270833333337 0.03737962962962953
3 0.8928958333333333 0.8076296296296296 0.02769270833333337 0.03737962962962953
3 0.7730260416666667 0.6451388888888889 0.04503645833333323 0.02641666666666664
3 0.8083645833333333 0.7894537037037037 0.04503645833333323 0.02641666666666664
3 0.8107447916666667 0.8165555555555556 0.04503645833333323 0.02641666666666664
3 0.8115104166666666 0.7006944444444444 0.04503645833333323 0.02641666666666664
3 0.7704739583333333 0.8214259259259259 0.04503645833333323 0.044999999999999915
3 0.7640104166666667 0.6705462962962964 0.04503645833333323 0.02641666666666664
3 0.7712083333333334 0.7105092592592592 0.04503645833333323 0.02641666666666664
3 0.8105677083333334 0.6732685185185185 0.04503645833333323 0.02641666666666664
3 0.815359375 0.6460462962962963 0.04503645833333323 0.02641666666666664
3 0.8137135416666667 0.7632037037037037 0.04503645833333323 0.036481481481481566
3 0.764640625 0.766 0.04503645833333323 0.02641666666666664
3 0.8884114583333333 0.7344814814814815 0.04503645833333323 0.02641666666666664
3 0.7678906249999999 0.5659259259259259 0.04503645833333323 0.02641666666666664
3 0.8144843749999999 0.5815833333333333 0.04503645833333323 0.02641666666666664
3 0.17691666666666667 0.768787037037037 0.04503645833333335 0.02641666666666664
3 0.17929166666666668 0.8187592592592593 0.04503645833333335 0.02641666666666664
3 0.3046770833333333 0.7786666666666667 0.04503645833333335 0.02641666666666664
3 0.34081770833333336 0.7857500000000001 0.04503645833333335 0.02641666666666664
3 0.34400000000000003 0.8157037037037037 0.04503645833333335 0.02641666666666664
3 0.3471822916666667 0.7570277777777779 0.04503645833333335 0.02641666666666664
3 0.4219114583333334 0.76125 0.04503645833333335 0.02641666666666664
3 0.21928124999999998 0.8784074074074074 0.04503645833333335 0.02641666666666664
3 0.05926041666666667 0.8754814814814814 0.04503645833333333 0.02641666666666664
3 0.10505208333333332 0.8496851851851852 0.04503645833333335 0.02641666666666664
3 0.29957291666666663 0.8710555555555556 0.04503645833333335 0.02641666666666664
3 0.34215104166666666 0.8481203703703704 0.04503645833333335 0.02641666666666664
3 0.17569791666666665 0.3192037037037037 0.04503645833333335 0.02641666666666664
3 0.059895833333333336 0.49639814814814814 0.04503645833333334 0.02641666666666664
3 0.100859375 0.4977592592592593 0.04503645833333332 0.02641666666666664
3 0.20694791666666665 0.3747592592592593 0.04503645833333335 0.02641666666666664
3 0.05577083333333333 0.43330555555555555 0.045036458333333335 0.02641666666666664
3 0.0485 0.4632592592592593 0.04503645833333334 0.026416666666666692
3 0.2213125 0.491787037037037 0.04503645833333335 0.02641666666666664
3 0.054864583333333335 0.40594444444444444 0.04503645833333333 0.02641666666666664
3 0.17220312499999998 0.4015925925925926 0.04503645833333335 0.02641666666666664
3 0.17297395833333334 0.4572777777777778 0.04503645833333335 0.0378518518518519
3 0.1713333333333333 0.5529907407407407 0.04503645833333335 0.02641666666666664
3 0.17933854166666666 0.5214814814814815 0.04503645833333335 0.02641666666666664
3 0.09970833333333333 0.4113425925925926 0.04503645833333335 0.02641666666666664
3 0.2958385416666667 0.5213425925925925 0.04503645833333335 0.02641666666666664
3 0.22103645833333332 0.6456481481481481 0.04503645833333335 0.02641666666666664
3 0.22019791666666666 0.6670277777777778 0.04503645833333335 0.02641666666666664
3 0.059375 0.8542314814814815 0.04503645833333334 0.02641666666666664
3 0.301328125 0.7026388888888889 0.04503645833333335 0.02641666666666664