3 0.6400322916666668 0.6229111111111111 0.6901989583333333 0.7162305555555556 0.7303317708333333 0.6956453703703704 0.6824807291666667 0.6119324074074074 0.6458333333333334 0.6298009259259258 0.6400322916666668 0.6229111111111111
3 0.8271895833333333 0.5686953703703704 0.87735625 0.6620148148148148 0.9174890625 0.6414296296296297 0.8696380208333333 0.5577166666666666 0.8329906250000001 0.5755851851851851 0.8271895833333333 0.5686953703703704
3 0.8677057291666667 0.536437037037037 0.9178723958333334 0.6297564814814814 0.9580057291666667 0.6091712962962963 0.9101546875000001 0.5254583333333334 0.8735072916666666 0.5433268518518518 0.8677057291666667 0.536437037037037
3 0.5987338541666667 0.6414129629629629 0.6489005208333333 0.7347324074074074 0.6890333333333333 0.7141472222222223 0.6411822916666666 0.6304342592592593 0.6045348958333334 0.6483037037037037 0.5987338541666667 0.6414129629629629
3 0.3807 0.6860064814814815 0.4308661458333333 0.779325 0.4709994791666666 0.7587407407407408 0.42314843750000003 0.6750277777777778 0.38650104166666666 0.6928962962962962 0.3807 0.6860064814814815
3 0.43742395833333336 0.6757055555555554 0.487590625 0.7690250000000001 0.5277234375000001 0.7484398148148149 0.47987239583333335 0.6647268518518519 0.443225 0.6825953703703703 0.43742395833333336 0.6757055555555554
3 0.5010942708333334 0.6667768518518519 0.5512609375 0.7600962962962963 0.5913942708333334 0.7395111111111111 0.5435427083333334 0.6557981481481481 0.5068953125 0.6736675925925927 0.5010942708333334 0.6667768518518519
3 0.553959375 0.6468703703703704 0.6041260416666667 0.7401898148148148 0.6442593750000001 0.7196046296296297 0.5964083333333333 0.6358916666666667 0.5597609375 0.6537601851851852 0.553959375 0.6468703703703704
3 0.252571875 0.7147925925925926 0.3027385416666667 0.808112037037037 0.342871875 0.7875268518518519 0.2950203125 0.703813888888889 0.2583729166666667 0.7216833333333333 0.252571875 0.7147925925925926
3 0.3193296875 0.6948861111111111 0.36949635416666665 0.7882046296296296 0.4096291666666667 0.7676203703703703 0.361778125 0.6839074074074074 0.32513072916666663 0.701775925925926 0.3193296875 0.6948861111111111
3 0.20394375 0.7188935185185185 0.25411041666666667 0.812212962962963 0.29424374999999997 0.7916277777777777 0.24639270833333335 0.7079148148148148 0.2097453125 0.7257842592592593 0.20394375 0.7188935185185185
3 0.13409427083333333 0.7401564814814815 0.1842609375 0.8334759259259259 0.22439427083333333 0.8128907407407407 0.17654270833333333 0.7291777777777777 0.1398953125 0.7470472222222223 0.13409427083333333 0.7401564814814815
3 0.07504947916666667 0.7600472222222222 0.12521614583333332 0.8533666666666666 0.16534947916666667 0.8327814814814815 0.11749843750000001 0.7490685185185185 0.08085052083333334 0.766937962962963 0.07504947916666667 0.7600472222222222
3 0.016776562499999998 0.7524916666666667 0.06694322916666667 0.8458111111111111 0.1070765625 0.8252259259259259 0.05922552083333333 0.7415129629629629 0.022577604166666664 0.7593824074074075 0.016776562499999998 0.7524916666666667