4 0.14147916666666666 0.360462962962963 0.09435937499999998 0.10780555555555552
4 0.2690416666666666 0.36241666666666666 0.04672395833333335 0.09369444444444439
4 0.12939583333333332 0.7013888888888888 0.12573437499999998 0.11306481481481472
4 0.603515625 0.35525 0.09283333333333323 0.11512962962962967
4 0.42945833333333333 0.3617592592592592 0.24244270833333328 0.13758333333333336
4 0.9262708333333334 0.36024074074074075 0.13525520833333335 0.11946296296296295
4 0.56640625 0.7009537037037037 0.10089062500000003 0.11534259259259254
4 0.7944322916666666 0.34700925925925924 0.04647916666666655 0.08783333333333335
4 0.397703125 0.7048611111111112 0.05410937500000005 0.1062314814814815
4 0.2526875 0.6996574074074075 0.05645833333333332 0.10720370370370368
4 0.061765625000000005 0.36957407407407405 0.050598958333333346 0.10351851851851848
4 0.8076197916666668 0.7018240740740741 0.05718750000000009 0.10221296296296306
4 0.065734375 0.6983518518518519 0.04958854166666667 0.08946296296296286
4 0.8481458333333334 0.35850925925925925 0.04821874999999996 0.09185185185185189
4 0.744140625 0.35437962962962966 0.05429166666666655 0.09814814814814815
4 0.7026354166666666 0.698787037037037 0.05611979166666667 0.11393518518518514
4 0.791015625 0.6705740740740741 0.022322916666666734 0.039092592592592616
4 0.22003124999999998 0.3562314814814815 0.04672395833333335 0.0936944444444445
3 0.6923229166666667 0.36130555555555555 0.0374270833333334 0.06485185185185181
3 0.7513645833333332 0.695462962962963 0.0374270833333334 0.06485185185185181
3 0.8590260416666666 0.683787037037037 0.0374270833333334 0.06485185185185181
3 0.50746875 0.6981944444444445 0.037427083333333284 0.06485185185185181
3 0.64909375 0.6851481481481482 0.0374270833333334 0.06485185185185181
3 0.45189583333333333 0.7132685185185186 0.037427083333333284 0.06485185185185181
3 0.31953125 0.696111111111111 0.037427083333333284 0.06485185185185181
3 0.3561875 0.7063888888888888 0.037427083333333284 0.06485185185185181
3 0.200671875 0.681 0.03742708333333334 0.06485185185185181