4 0.5382760416666666 0.3325740740740741 0.03835416666666666 0.029000000000000047
4 0.18444791666666666 0.6445277777777778 0.031614583333333356 0.021592592592592535
4 0.18213020833333332 0.7291666666666666 0.0327135416666667 0.02360185185185186
4 0.18078645833333334 0.4891481481481481 0.03347916666666665 0.02142592592592602
4 0.09619270833333333 0.6145833333333334 0.03125 0.019527777777777703
4 0.21996875 0.7547777777777778 0.03259375000000002 0.024157407407407332
0 0.21789583333333334 0.22396296296296295 0.03228645833333334 0.022620370370370377
4 0.18518229166666667 0.9036481481481482 0.031614583333333356 0.02360185185185186
4 0.21301041666666667 0.5538240740740741 0.03228645833333334 0.0220925925925925
4 0.22106770833333333 0.9852407407407406 0.029249999999999984 0.023777777777777627
4 0.09552083333333333 0.43250925925925926 0.032958333333333346 0.023870370370370344
4 0.10376041666666666 0.875 0.033322916666666674 0.025092592592592507
4 0.4606927083333333 0.838111111111111 0.03228645833333334 0.022444444444444454
4 0.062223958333333336 0.6163240740740741 0.033203125 0.021185185185185286
4 0.05996875 0.525175925925926 0.03970312499999999 0.028046296296296264
4 0.09741145833333334 0.3760833333333333 0.028593749999999987 0.022620370370370325
4 0.06451562500000001 0.9635462962962964 0.033385416666666674 0.023509259259259143
4 0.09515625 0.7895 0.03854166666666667 0.0242407407407408
4 0.18310416666666668 0.9322962962962963 0.035276041666666674 0.025296296296296237
4 0.22106770833333333 0.7022592592592594 0.034364583333333344 0.023055555555555638
4 0.21863020833333333 0.8138055555555556 0.03738541666666665 0.025296296296296237
4 0.339109375 0.9557314814814816 0.028932291666666644 0.02333333333333327
4 0.4252916666666666 0.8975740740740741 0.031796874999999974 0.024157407407407332
4 0.22216666666666668 0.931425925925926 0.030854166666666672 0.024064814814814824
4 0.06719791666666668 0.9348981481481482 0.03259374999999999 0.02628703703703713
4 0.22216666666666668 0.9045185185185185 0.030916666666666672 0.022185185185185217
4 0.3049322916666667 0.900175925925926 0.03149479166666668 0.02350925925925935
4 0.5380885416666668 0.1722037037037037 0.03259374999999996 0.024240740740740747
4 0.3029791666666667 0.9843796296296298 0.034182291666666725 0.024518518518518537
4 0.093203125 0.1970462962962963 0.029249999999999984 0.022527777777777765
4 0.3432604166666666 0.7256944444444444 0.030729166666666665 0.02297222222222217
4 0.218140625 0.2541203703703704 0.03366145833333333 0.026287037037037025
4 0.10595833333333333 0.5208333333333334 0.02975520833333333 0.023777777777777835
4 0.18127604166666667 0.37304629629629626 0.032041666666666656 0.022351851851851838
4 0.1853020833333333 0.8706574074074074 0.03643750000000002 0.031842592592592686
4 0.9443385416666668 0.4379351851851852 0.031557291666666744 0.021675925925925897
4 0.21838541666666667 0.42838888888888893 0.030213541666666663 0.022527777777777817
4 0.051848958333333334 0.6657962962962962 0.02493229166666667 0.03586111111111113
4 0.08709895833333332 0.1686203703703704 0.03277604166666667 0.02369444444444442
4 0.297609375 0.25499074074074074 0.03372395833333333 0.023509259259259247
4 0.09857291666666666 0.9652777777777778 0.031203124999999984 0.025092592592592507
4 0.9418958333333334 0.29275 0.033265624999999945 0.021268518518518544
4 0.223265625 0.8463518518518518 0.030333333333333337 0.022444444444444454
4 0.09753645833333334 0.2816851851851852 0.029708333333333344 0.023333333333333376
4 0.4235833333333333 0.9548611111111112 0.030729166666666665 0.023962962962963064
4 0.9423854166666668 0.3532962962962963 0.03143229166666662 0.021675925925925897
4 0.21838541666666667 0.16482407407407407 0.03607291666666666 0.026805555555555544
4 0.3032239583333334 0.9296851851851852 0.03353645833333339 0.02350925925925935
4 0.6596666666666666 0.8220462962962962 0.03192187499999998 0.024333333333333308
4 0.9418958333333334 0.3235648148148148 0.032411458333333344 0.022185185185185217
4 0.7783229166666668 0.5325555555555556 0.030380208333333294 0.021851851851851768
4 0.1740729166666667 0.1385648148148148 0.03860416666666667 0.026287037037037025
4 0.3413072916666666 0.9843796296296298 0.031796874999999974 0.02658333333333337
4 0.8999010416666666 0.53125 0.02947916666666662 0.02262037037037043
3 0.43871875 0.6640648148148148 0.07251041666666667 0.13411111111111104
4 0.3049322916666667 0.7547777777777778 0.033140625000000055 0.022796296296296197
4 0.8974635416666668 0.20507407407407408 0.031083333333333248 0.0227962962962963
4 0.4191875 0.16156481481481483 0.034364583333333344 0.025092592592592614
4 0.8989270833333334 0.2677962962962963 0.030916666666666735 0.021268518518518544
4 0.17809895833333333 0.22287037037037036 0.033203125 0.023231481481481457
4 0.453859375 0.1890185185185185 0.030671875000000053 0.023055555555555534
4 0.22472916666666667 0.9592037037037038 0.03143229166666668 0.023601851851851756
4 0.9438489583333334 0.7634537037037037 0.0321041666666666 0.021351851851851802
4 0.7768541666666666 0.41059259259259256 0.029249999999999925 0.021185185185185182
4 0.21484375 0.613712962962963 0.030104166666666644 0.021592592592592535
4 0.693359375 0.1505 0.029875000000000065 0.023407407407407436
4 0.42285416666666664 0.9817685185185184 0.03185937500000004 0.022879629629629663
4 0.06042708333333333 0.37348148148148147 0.03622395833333333 0.024064814814814824
4 0.6596666666666666 0.8537314814814815 0.02908333333333341 0.022796296296296197
4 0.5356458333333334 0.12141666666666666 0.031083333333333307 0.0250925925925926
4 0.693359375 0.8506944444444444 0.031984374999999926 0.024898148148148242
4 0.09668229166666667 0.22743518518518518 0.02975520833333333 0.027111111111111086
4 0.900390625 0.5872407407407407 0.03149479166666656 0.02142592592592602
4 0.5737291666666666 0.13053703703703703 0.029541666666666563 0.024518518518518523
4 0.8159166666666666 0.8532962962962962 0.031984374999999926 0.022185185185185217
4 0.21386979166666667 0.34526851851851853 0.030380208333333356 0.023870370370370344
4 0.21569791666666666 0.5217037037037038 0.03259375000000002 0.024333333333333308
4 0.9438489583333334 0.46875 0.02964583333333337 0.022879629629629663
4 0.7749010416666666 0.7361111111111112 0.03448437500000002 0.0220925925925925
4 0.3002916666666666 0.8133703703703704 0.031083333333333366 0.021935185185185235
4 0.8969739583333334 0.41124074074074074 0.03448437500000002 0.024157407407407436
4 0.8974635416666668 0.17501851851851852 0.02908333333333341 0.026287037037037025
4 0.7749010416666666 0.7907962962962962 0.03044270833333324 0.021268518518518544
4 0.3356927083333333 0.16590740740740742 0.031083333333333366 0.022351851851851838
4 0.8120104166666666 0.7356759259259259 0.032229166666666725 0.020537037037037097
4 0.33496354166666664 0.21766666666666667 0.029145833333333353 0.02175925925925926
4 0.8999010416666666 0.8480925925925926 0.038328125000000074 0.024712962962963013
4 0.779296875 0.849388888888889 0.03482291666666673 0.021675925925926
4 0.7778333333333334 0.18000925925925926 0.03079166666666661 0.024898148148148135
4 0.77734375 0.1499537037037037 0.02975520833333339 0.022620370370370377
4 0.18444791666666666 0.6727407407407406 0.03246875000000002 0.02252777777777771
4 0.2165520833333333 0.3153240740740741 0.029921875000000025 0.022527777777777817
4 0.8994166666666668 0.2363240740740741 0.028932291666666762 0.023148148148148175
4 0.7778333333333334 0.46875 0.03010416666666676 0.022185185185185217
4 0.298828125 0.10704629629629629 0.02876041666666668 0.025092592592592586
4 0.9458020833333334 0.8524351851851851 0.03079166666666661 0.021351851851851802
4 0.8989270833333334 0.7052962962962963 0.03271354166666664 0.021509259259259277
4 0.9428697916666666 0.23937037037037034 0.03271354166666664 0.02287962962962964
4 0.33984375 0.8676203703703703 0.030854166666666672 0.02369444444444437
4 0.09741145833333334 0.9071203703703704 0.03869791666666667 0.02658333333333337
4 0.9008802083333334 0.14594444444444446 0.029145833333333353 0.023777777777777783
4 0.3334947916666666 0.11750925925925926 0.02947916666666662 0.02323148148148147
4 0.180421875 0.43034259259259255 0.03567708333333333 0.022351851851851838
4 0.9428697916666666 0.2649722222222222 0.03259374999999996 0.0227962962962963
4 0.9409166666666666 0.20974074074074076 0.03402604166666663 0.02558333333333333
4 0.21533333333333332 0.4578981481481481 0.02737500000000003 0.02175925925925926
4 0.17370833333333333 0.20117592592592592 0.03881770833333332 0.023509259259259247
4 0.8125 0.4398888888888889 0.03573437500000007 0.024898148148148135
4 0.333984375 0.2816851851851852 0.030854166666666672 0.022527777777777817
4 0.9267604166666668 0.03559259259259259 0.03390624999999995 0.02700925925925926
4 0.4240729166666667 0.8077222222222222 0.030854166666666672 0.020944444444444342
4 0.18115104166666668 0.34396296296296297 0.03442187500000002 0.022620370370370325
4 0.775390625 0.35395370370370366 0.029708333333333316 0.022092592592592605
4 0.17566145833333333 0.16742592592592592 0.03845312500000002 0.02578703703703706
4 0.7768541666666666 0.5907129629629629 0.03161458333333324 0.021935185185185235
4 0.21716145833333333 0.28624074074074074 0.030916666666666672 0.024518518518518537
4 0.45801041666666664 0.806425925925926 0.030380208333333294 0.02360185185185186
4 0.5698229166666666 0.27104629629629634 0.03185937500000004 0.022703703703703688
4 0.5708020833333334 0.2421851851851852 0.028276041666666647 0.02262037037037035
4 0.8125 0.15212962962962964 0.03161458333333324 0.022703703703703688
0 0.453859375 0.16243518518518518 0.030854166666666672 0.022268518518518528
4 0.18054166666666666 0.25715740740740745 0.033265625 0.024518518518518537
4 0.8125 0.5299444444444444 0.0321041666666666 0.02262037037037043
4 0.09155208333333334 0.4648425925925926 0.03454687499999999 0.021592592592592587
4 0.3344739583333334 0.2510833333333333 0.03125 0.023333333333333376
4 0.6953125 0.7938333333333334 0.03228645833333322 0.023148148148148147
4 0.5400416666666668 0.8259537037037037 0.033140625000000055 0.023148148148148147
4 0.8159166666666666 0.4713518518518519 0.0321041666666666 0.022009259259259294
4 0.298828125 0.8407129629629629 0.02854687499999997 0.020222222222222145
4 0.810546875 0.18218518518518517 0.031557291666666744 0.022009259259259242
4 0.80859375 0.2111574074074074 0.03295833333333344 0.022268518518518528
4 0.8110364583333334 0.3261759259259259 0.03277604166666658 0.023694444444444473
4 0.8100572916666666 0.29709259259259263 0.031312499999999945 0.023231481481481513
4 0.541015625 0.21007407407407408 0.02876041666666662 0.022009259259259242
4 0.814453125 0.5625 0.029708333333333316 0.020537037037037097
4 0.18066666666666667 0.28732407407407407 0.03423958333333334 0.023870370370370344
4 0.9013697916666668 0.35264814814814816 0.03747395833333324 0.027537037037037044
4 0.7778333333333334 0.26952777777777776 0.02975520833333339 0.022527777777777817
4 0.30176041666666664 0.6119814814814816 0.03402604166666663 0.02110185185185182
4 0.300046875 0.34049074074074076 0.030958333333333362 0.021675925925925897
4 0.6538072916666666 0.18250925925925926 0.030854166666666554 0.02578703703703706
4 0.336671875 0.4891481481481481 0.029984374999999966 0.020861111111111087
4 0.335203125 0.5182314814814816 0.029708333333333316 0.025481481481481466
4 0.7514635416666666 0.013574074074074073 0.01353645833333322 0.025092592592592593
4 0.07794270833333333 0.6493055555555556 0.02263020833333333 0.030898148148148046
4 0.33886979166666664 0.6705740740740741 0.030671875000000053 0.01984259259259265
4 0.3334947916666666 0.5499166666666666 0.029588541666666638 0.022703703703703688
4 0.5610364583333334 0.9418425925925926 0.02769270833333337 0.023962962962963064
4 0.12273958333333333 0.1408425925925926 0.01785416666666668 0.05392592592592593
4 0.8916041666666668 0.4704907407407407 0.03408854166666657 0.021592592592592587
4 0.09844791666666668 0.9904537037037038 0.026151041666666656 0.018296296296296498
4 0.6806666666666668 0.014675925925925927 0.014281250000000039 0.026694444444444444
4 0.6557604166666666 0.35568518518518516 0.032411458333333344 0.02377777777777773
4 0.8051770833333334 0.009722222222222222 0.015250000000000104 0.017453703703703704
4 0.6625989583333334 0.012814814814814815 0.01373958333333339 0.024620370370370365
4 0.8637708333333334 0.2886296296296297 0.027114583333333307 0.04250925925925923
4 0.5747083333333334 0.8532962962962962 0.03125 0.024425925925926028
4 0.5053697916666666 0.4613703703703703 0.014953125000000018 0.05382407407407412
4 0.30590625 0.7261296296296297 0.028489583333333356 0.02369444444444437
4 0.7299791666666666 0.4357685185185185 0.02975520833333339 0.04571296296296297
4 0.541015625 0.7951388888888888 0.03155729166666668 0.0242407407407408
4 0.7778333333333334 0.3263888888888889 0.031312499999999945 0.024157407407407436
4 0.76953125 0.01139814814814815 0.014619791666666751 0.021425925925925928
4 0.7763697916666668 0.2385 0.03277604166666658 0.025481481481481466
4 0.380125 0.18738888888888888 0.03173958333333336 0.03290740740740743
4 0.5766614583333334 0.823787037037037 0.032895833333333256 0.022268518518518476
4 0.7338854166666666 0.011574074074074073 0.015604166666666686 0.022268518518518517
4 0.6596666666666666 0.29839814814814813 0.034182291666666725 0.02396296296296296
4 0.3344739583333334 0.31054629629629626 0.030213541666666663 0.021027777777777812
4 0.8100572916666666 0.2385 0.03044270833333324 0.0227962962962963
4 0.6557604166666666 0.1486574074074074 0.038755208333333256 0.027740740740740722
4 0.5751979166666668 0.2996944444444445 0.03125 0.022620370370370325
4 0.775390625 0.29774074074074075 0.03161458333333324 0.022444444444444454
4 0.30761979166666664 0.6714444444444444 0.028380208333333337 0.022268518518518476
4 0.4985364583333334 0.9822129629629629 0.029984374999999966 0.03557407407407414
4 0.48828125 0.45616666666666666 0.014177083333333347 0.04950925925925923
4 0.8032239583333334 0.6202222222222222 0.04409895833333337 0.02360185185185186
4 0.33691666666666664 0.3385462962962963 0.03079166666666661 0.021185185185185182
4 0.716796875 0.017453703703703704 0.015130208333333428 0.03241666666666667
4 0.6997083333333334 0.015981481481481485 0.014901041666666733 0.029944444444444447
4 0.6953125 0.1793611111111111 0.04031250000000005 0.027944444444444452
4 0.505859375 0.6067685185185184 0.012427083333333281 0.02973148148148139
4 0.646484375 0.012037037037037037 0.015604166666666686 0.023601851851851846
4 0.8291041666666668 0.9652777777777778 0.03216666666666678 0.02520370370370352
4 0.7885729166666666 0.010833333333333332 0.015364583333333333 0.019675925925925927
4 0.6997083333333334 0.9652777777777778 0.028276041666666647 0.029268518518518638
4 0.9780260416666666 0.12228703703703703 0.0225833333333334 0.05576851851851852
4 0.796875 0.38281481481481483 0.03347916666666677 0.03040740740740744
4 0.102296875 0.661888888888889 0.024385416666666663 0.03420370370370376
4 0.07574479166666667 0.5551203703703703 0.033140625 0.029842592592592608
4 0.06439062499999999 0.2597685185185185 0.014786458333333327 0.06179629629629631
4 0.06854166666666667 0.1312962962962963 0.011828124999999997 0.016481481481481493