4 0.16528125 0.6905370370370371 0.050416666666666644 0.09353703703703702
4 0.11950520833333332 0.6992222222222222 0.052125000000000005 0.09304629629629631
4 0.25903125 0.69575 0.05603125000000002 0.10644444444444448
4 0.22168229166666667 0.35568518518518516 0.051359375000000006 0.09689814814814812
4 0.7495104166666666 0.35221296296296295 0.05459375000000009 0.09814814814814815
4 0.40503125 0.7009537037037037 0.05520833333333333 0.10937962962962973
4 0.5297864583333334 0.3517777777777778 0.04830729166666667 0.10427777777777779
3 0.505921875 0.7233888888888889 0.05203125000000005 0.10525000000000007
4 0.27465625 0.35676851851851854 0.050718749999999965 0.09868518518518522
4 0.8491197916666666 0.3532962962962963 0.05319270833333339 0.09852777777777774
4 0.3322760416666667 0.3593796296296296 0.06524479166666666 0.1254351851851852
4 0.072875 0.6927129629629629 0.04840104166666667 0.08621296296296287
4 0.06982291666666667 0.36241666666666666 0.04958854166666666 0.10547222222222219
4 0.6455104166666668 0.3537314814814815 0.05252083333333341 0.10237962962962957
4 0.7963854166666666 0.3441851851851852 0.04788020833333325 0.09147222222222219
4 0.16808854166666667 0.34917592592592595 0.050901041666666674 0.09287962962962958
4 0.9038072916666666 0.3472222222222222 0.05801562499999993 0.09651851851851853
4 0.07653645833333332 0.4791666666666667 0.05822916666666667 0.044518518518518506
4 0.12658854166666667 0.3565555555555555 0.04858333333333332 0.09287962962962969
4 0.96484375 0.36262962962962964 0.058656249999999945 0.09868518518518522
4 0.6118177083333334 0.7018240740740741 0.04958854166666669 0.09651851851851853
4 0.4331041666666666 0.3559074074074074 0.059755208333333344 0.11686111111111115
4 0.8110364583333334 0.6992222222222222 0.06030208333333344 0.10780555555555561
4 0.7075208333333334 0.698787037037037 0.05645833333333338 0.11306481481481472
4 0.5556666666666668 0.6914074074074075 0.05233854166666661 0.10183333333333335
3 0.446140625 0.6967407407407408 0.04949999999999998 0.10069444444444445
4 0.3868385416666667 0.3566759259259259 0.04958854166666669 0.09651851851851853
4 0.49295833333333333 0.361462962962963 0.04958854166666669 0.09651851851851853
3 0.7590989583333333 0.7125185185185186 0.04949999999999998 0.10069444444444445
3 0.213828125 0.6802592592592592 0.04949999999999998 0.10069444444444445
3 0.31068229166666667 0.7125 0.04949999999999998 0.10069444444444445
3 0.36432291666666666 0.6871018518518519 0.04949999999999998 0.10069444444444445
3 0.683453125 0.3721388888888889 0.04949999999999998 0.10069444444444445
3 0.8598072916666666 0.6719907407407407 0.04949999999999998 0.10069444444444445
3 0.6494895833333333 0.7110925925925926 0.04949999999999998 0.10069444444444445