3 0.46753125 0.6879351851851853 0.0648802083333333 0.1050925925925926
4 0.13855208333333333 0.3641481481481481 0.09979166666666668 0.11002777777777782
4 0.896484375 0.3502592592592592 0.05911458333333333 0.09798148148148142
4 0.38722395833333334 0.3652314814814815 0.3279114583333334 0.14105555555555557
4 0.84375 0.35850925925925925 0.05282812499999991 0.09743518518518521
4 0.26660416666666664 0.36588888888888893 0.050046874999999984 0.09619444444444443
4 0.5825208333333334 0.35568518518518516 0.05349479166666669 0.10839814814814809
4 0.638671875 0.3617592592592592 0.05059895833333338 0.10145370370370375
4 0.7412135416666668 0.3559074074074074 0.05331250000000007 0.09705555555555549
4 0.06030208333333333 0.37065740740740744 0.050812500000000003 0.10547222222222219
4 0.9584947916666666 0.36892592592592593 0.05920312500000004 0.09923148148148145
4 0.06396354166666667 0.7022592592592594 0.049406250000000006 0.08881481481481489
4 0.11144791666666666 0.707462962962963 0.05291666666666665 0.09353703703703702
3 0.350984375 0.7088333333333333 0.05459374999999997 0.1062314814814815
3 0.3036614583333333 0.7026944444444444 0.05697395833333339 0.10780555555555561
4 0.6118177083333334 0.707462962962963 0.04849479166666673 0.09439814814814819
4 0.8056666666666668 0.7048611111111112 0.05966145833333343 0.1058518518518518
3 0.7524375 0.7035555555555556 0.0546875 0.11165740740740733
4 0.9243177083333334 0.6788240740740741 0.15100000000000005 0.12293518518518518
4 0.560546875 0.7252592592592593 0.02706770833333323 0.04885185185185184