4 0.5813760416666667 0.428037962962963 0.6384885416666666 0.42392129629629627 0.5968119791666666 0.3127611111111111 0.5407984375 0.31189999999999996 0.5813760416666667 0.428037962962963
4 0.48142656250000004 0.43420555555555557 0.5385390624999999 0.43008888888888885 0.4968625 0.3189287037037037 0.4408489583333333 0.3180675925925926 0.48142656250000004 0.43420555555555557
4 0.629221875 0.4307666666666667 0.6863348958333333 0.42665 0.6446578125 0.3154898148148148 0.5886447916666667 0.31462870370370366 0.629221875 0.4307666666666667
4 0.73765625 0.43007222222222224 0.7947692708333334 0.42595555555555553 0.7530921875 0.31479537037037036 0.6970791666666667 0.3139342592592592 0.73765625 0.43007222222222224
4 0.6963630208333333 0.766974074074074 0.7534755208333334 0.7628574074074074 0.7117989583333333 0.6516972222222222 0.6557854166666667 0.6508361111111112 0.6963630208333333 0.766974074074074
4 0.5385286458333333 0.7443222222222222 0.5956416666666667 0.7402055555555556 0.5539645833333334 0.6290453703703704 0.4979515625 0.6281842592592592 0.5385286458333333 0.7443222222222222
4 0.5991119791666667 0.7367666666666667 0.6562244791666667 0.7326499999999999 0.6145479166666666 0.6214898148148148 0.558534375 0.6206287037037037 0.5991119791666667 0.7367666666666667
4 0.526175 0.43278425925925923 0.5832880208333333 0.42866759259259263 0.5416109375 0.3175074074074074 0.48559739583333333 0.3166462962962963 0.526175 0.43278425925925923
4 0.42159479166666664 0.43346296296296294 0.4787072916666667 0.42934537037037035 0.4370307291666667 0.3181861111111111 0.3810171875 0.31732407407407404 0.42159479166666664 0.43346296296296294
4 0.25295520833333335 0.7635027777777778 0.31006822916666665 0.7593861111111111 0.26839114583333334 0.6482259259259259 0.212378125 0.6473648148148148 0.25295520833333335 0.7635027777777778
4 0.38685885416666665 0.7765324074074074 0.443971875 0.7724148148148148 0.40229479166666665 0.6612555555555555 0.34628177083333334 0.6603935185185186 0.38685885416666665 0.7765324074074074
4 0.7978359375 0.7538805555555556 0.8549484374999999 0.749762962962963 0.813271875 0.6386037037037037 0.7572583333333333 0.6377416666666667 0.7978359375 0.7538805555555556
4 0.8854317708333334 0.43617500000000003 0.9425447916666666 0.43205740740740745 0.9008677083333333 0.32089814814814815 0.8448546875 0.32003611111111113 0.8854317708333334 0.43617500000000003
4 0.8418229166666666 0.43273611111111115 0.8989359375 0.4286185185185185 0.8572588541666666 0.3174592592592593 0.8012458333333333 0.31659722222222225 0.8418229166666666 0.43273611111111115
4 0.7989859375 0.4485092592592593 0.8560989583333334 0.4443925925925926 0.8144218750000001 0.33323240740740745 0.7584088541666667 0.3323712962962963 0.7989859375 0.4485092592592593
4 0.9428869791666667 0.40115555555555554 0.9994791666666667 0.3970388888888889 0.9583229166666667 0.2858787037037037 0.9023098958333333 0.28501759259259263 0.9428869791666667 0.40115555555555554
4 0.30966458333333335 0.41555740740740743 0.3667770833333333 0.41143981481481484 0.3251 0.30028055555555555 0.2690869791666667 0.29941851851851853 0.30966458333333335 0.41555740740740743
4 0.3663885416666667 0.4272138888888889 0.42350156250000004 0.42309722222222224 0.3818244791666666 0.311937037037037 0.3258114583333333 0.3110759259259259 0.3663885416666667 0.4272138888888889
4 0.1514421875 0.7517648148148147 0.2085546875 0.7476481481481482 0.16687760416666667 0.636487962962963 0.11086458333333334 0.6356268518518519 0.1514421875 0.7517648148148147
4 0.11400729166666666 0.7593046296296296 0.17112031249999998 0.7551879629629629 0.12944322916666667 0.6440277777777778 0.07343020833333333 0.6431666666666667 0.11400729166666666 0.7593046296296296
4 0.06808333333333333 0.7654722222222222 0.12519583333333334 0.7613555555555556 0.08351927083333334 0.6501953703703703 0.027505729166666666 0.6493342592592592 0.06808333333333333 0.7654722222222222
4 0.0607484375 0.43129814814814815 0.11786145833333334 0.4271814814814815 0.076184375 0.3160212962962963 0.020171354166666666 0.3151601851851852 0.0607484375 0.43129814814814815
4 0.10975520833333333 0.43060462962962964 0.16686770833333334 0.42648703703703705 0.12519114583333332 0.31532777777777776 0.06917760416666667 0.31446574074074074 0.10975520833333333 0.43060462962962964
4 0.15876145833333333 0.43951666666666667 0.21587395833333334 0.4353990740740741 0.17419739583333332 0.3242398148148148 0.11818385416666667 0.32337777777777776 0.15876145833333333 0.43951666666666667
4 0.21934427083333335 0.4360777777777778 0.27645729166666666 0.4319601851851852 0.23478020833333335 0.3208009259259259 0.1787671875 0.3199388888888889 0.21934427083333335 0.4360777777777778
4 0.2776125 0.4326388888888889 0.334725 0.4285212962962963 0.29304843750000004 0.317362037037037 0.23703489583333334 0.3165 0.2776125 0.4326388888888889
3 0.6514739536458334 0.3232703537037037 0.698196875 0.4227138888888889 0.7360145833333332 0.4185972222222222 0.6927942708333333 0.3170435185185185 0.6514739536458334 0.3232703537037037
3 0.7027958286458333 0.6464490574074074 0.74951875 0.7458925925925926 0.7873364583333333 0.741775925925926 0.7441161458333333 0.6402222222222222 0.7027958286458333 0.6464490574074074
3 0.8112293578125 0.6388927185185186 0.857953125 0.738337037037037 0.8957708333333334 0.7342194444444444 0.8525505208333333 0.6326666666666666 0.8112293578125 0.6388927185185186
3 0.4550453078125 0.6409435018518518 0.5017682291666666 0.7403870370370371 0.5395859375000001 0.7362703703703704 0.49636562500000003 0.6347166666666667 0.4550453078125 0.6409435018518518
3 0.6151892130208334 0.6443658722222222 0.6619125 0.7438101851851853 0.6997307291666667 0.7396925925925927 0.6565104166666667 0.6381398148148149 0.6151892130208334 0.6443658722222222
3 0.30376874531250003 0.6560231314814815 0.35049166666666665 0.7554666666666666 0.3883098958333333 0.75135 0.3450890625 0.6497962962962963 0.30376874531250003 0.6560231314814815
3 0.40448493489583337 0.6635629472222222 0.4512083333333334 0.7630064814814815 0.48902604166666663 0.7588898148148148 0.44580572916666666 0.6573361111111111 0.40448493489583337 0.6635629472222222
3 0.26980469010416663 0.6669852611111111 0.31652760416666664 0.7664296296296297 0.35434583333333336 0.7623120370370371 0.31112552083333334 0.6607592592592593 0.26980469010416663 0.6669852611111111
3 0.16753962604166667 0.6635463657407408 0.21426302083333332 0.7629907407407407 0.2520807291666667 0.7588731481481481 0.20886041666666666 0.6573203703703703 0.16753962604166667 0.6635463657407408