4 0.4928894494791667 0.31032587962962965 0.5366119791666667 0.41705925925925924 0.5867786458333334 0.41157037037037036 0.5350687500000001 0.31001666666666666 0.4928894494791667 0.31032587962962965
4 0.44773732604166666 0.3219832037037037 0.491459375 0.4287157407407407 0.5416260416666667 0.4232268518518518 0.4899161458333333 0.3216731481481481 0.44773732604166666 0.3219832037037037
4 0.5137227828125001 0.3473629166666667 0.5574453125000001 0.4540962962962963 0.6076119791666666 0.4486074074074074 0.5559020833333334 0.3470537037037037 0.5137227828125001 0.3473629166666667
4 0.5511524703125 0.3137323611111111 0.594875 0.4204657407407407 0.6450411458333334 0.41497685185185185 0.59333125 0.31342314814814815 0.5511524703125 0.3137323611111111
4 0.6009305953124999 0.3102934722222222 0.6446531249999999 0.41702685185185184 0.6948192708333334 0.41153796296296297 0.643109375 0.30998425925925926 0.6009305953124999 0.3102934722222222
4 0.7193979182291667 0.3095990268518518 0.7631203125 0.4163324074074074 0.8132869791666667 0.4108435185185185 0.7615770833333334 0.3092898148148148 0.7193979182291667 0.3095990268518518
4 0.8594755239583333 0.3185110675925926 0.9031979166666667 0.4252444444444445 0.9533645833333334 0.41975555555555555 0.9016546875 0.31820185185185185 0.8594755239583333 0.3185110675925926
4 0.8042899510416667 0.317817462962963 0.8480125 0.42455 0.8981791666666666 0.4190611111111111 0.8464692708333333 0.3175074074074074 0.8042899510416667 0.317817462962963
4 0.7560505223958334 0.31300550833333335 0.7997729166666667 0.4197388888888889 0.8499395833333333 0.41425 0.7982296875 0.3126962962962963 0.7560505223958334 0.31300550833333335
4 0.9061112833333334 0.3027054222222222 0.9498333333333334 0.4094379629629629 1 0.40394907407407404 0.9482901041666667 0.30239537037037034 0.9061112833333334 0.3027054222222222
4 0.509071378125 0.6423518083333334 0.5527942708333333 0.7490851851851852 0.6029609375 0.7435962962962962 0.5512510416666667 0.6420425925925926 0.509071378125 0.6423518083333334
4 0.56348109375 0.6485193944444444 0.607203125 0.7552527777777778 0.6573697916666668 0.749762962962963 0.6056598958333334 0.6482101851851851 0.56348109375 0.6485193944444444
4 0.6580232473958334 0.6642933851851852 0.7017453125 0.7710268518518518 0.7519119791666667 0.765537037037037 0.7002020833333333 0.6639833333333333 0.6580232473958334 0.6642933851851852
4 0.7579675197916667 0.6402693148148149 0.8016895833333333 0.7470027777777778 0.8518562500000001 0.7415129629629629 0.8001463541666667 0.6399592592592592 0.7579675197916667 0.6402693148148149
4 0.20806286614583333 0.6491814351851852 0.25178489583333336 0.7559148148148148 0.3019515625 0.7504249999999999 0.25024166666666664 0.6488722222222223 0.20806286614583333 0.6491814351851852
4 0.3373349192708333 0.31775180833333333 0.3810578125 0.4244851851851852 0.4312244791666667 0.4189962962962963 0.3795140625 0.3174425925925926 0.3373349192708333 0.31775180833333333
4 0.396374503125 0.3362703268518518 0.4400973958333333 0.44300370370370373 0.4902640625 0.43751481481481486 0.4385541666666667 0.33596111111111115 0.396374503125 0.3362703268518518
4 0.36357118593750004 0.6525878333333333 0.40729375 0.7593212962962963 0.45746041666666665 0.7538314814814815 0.40575 0.6522777777777778 0.36357118593750004 0.6525878333333333
4 0.18953472760416668 0.32940912962962965 0.23325729166666667 0.4361425925925926 0.2834234375 0.4306527777777778 0.23171354166666666 0.32909907407407407 0.18953472760416668 0.32940912962962965
4 0.22773544010416666 0.3232249564814815 0.27145833333333336 0.42995833333333333 0.321625 0.42446944444444445 0.26991458333333335 0.32291574074074075 0.22773544010416666 0.3232249564814815
4 0.2813727828125 0.2978286574074074 0.3250953125 0.4045620370370371 0.3752619791666667 0.39907314814814815 0.3235515625 0.29751944444444445 0.2813727828125 0.2978286574074074
4 0.12508179479166667 0.31634717870370366 0.16880468750000002 0.42308055555555557 0.21897135416666666 0.4175916666666667 0.16726145833333333 0.316037962962963 0.12508179479166667 0.31634717870370366
4 0.069124846875 0.6326646851851853 0.11284739583333334 0.7393972222222222 0.1630140625 0.7339083333333333 0.11130364583333334 0.6323546296296296 0.069124846875 0.6326646851851853
4 0.10886929427083333 0.6484379194444444 0.15259218749999998 0.7551712962962963 0.20275885416666667 0.7496824074074074 0.1510484375 0.6481287037037038 0.10886929427083333 0.6484379194444444
4 0.08764307291666666 0.3170092092592593 0.13136510416666666 0.4237425925925926 0.18153177083333333 0.4182527777777778 0.129821875 0.3167 0.08764307291666666 0.3170092092592593
4 0.030141498958333336 0.6690072777777778 0.0738640625 0.7757407407407407 0.12403072916666667 0.7702509259259259 0.07232083333333333 0.6686972222222222 0.030141498958333336 0.6690072777777778
4 0.030525364583333332 0.3238545796296296 0.07424739583333334 0.430587962962963 0.1244140625 0.42509814814814817 0.07270416666666667 0.32354537037037034 0.030525364583333332 0.3238545796296296
3 0.6568321385416667 0.3259054259259259 0.7005546875 0.432637962962963 0.7507213541666666 0.4271490740740741 0.6990109375000001 0.32559537037037034 0.6568321385416667 0.3259054259259259
3 0.7922794989583333 0.5983072777777778 0.8360015625 0.7050407407407407 0.8861682291666667 0.6995509259259259 0.8344583333333334 0.5979972222222222 0.7922794989583333 0.5983072777777778
3 0.4538456651041667 0.6483896851851851 0.49756822916666665 0.7551231481481482 0.5477348958333333 0.7496333333333334 0.49602447916666664 0.6480796296296296 0.4538456651041667 0.6483896851851851
3 0.5939233036458333 0.6284823611111111 0.6376458333333334 0.7352157407407408 0.6878124999999999 0.729725925925926 0.6361020833333334 0.6281731481481482 0.5939233036458333 0.6284823611111111
3 0.7069885447916667 0.6593518083333334 0.7507109375 0.7660851851851851 0.8008776041666666 0.7605962962962962 0.7491677083333333 0.6590425925925926 0.7069885447916667 0.6593518083333334
3 0.25510139427083334 0.6408174629629629 0.2988239583333333 0.747550925925926 0.348990625 0.7420611111111112 0.29728020833333335 0.6405074074074074 0.25510139427083334 0.6408174629629629
3 0.29947694947916664 0.6401231018518518 0.34319947916666665 0.7468564814814815 0.39336614583333335 0.7413666666666667 0.3416557291666667 0.6398138888888889 0.29947694947916664 0.6401231018518518
3 0.41331392864583333 0.6504073611111111 0.45703645833333334 0.7571407407407408 0.5072026041666666 0.751650925925926 0.4554927083333334 0.6500981481481481 0.41331392864583333 0.6504073611111111
3 0.14897226197916666 0.6277555092592593 0.19269479166666667 0.734488888888889 0.24286145833333334 0.7290000000000001 0.19115104166666666 0.6274462962962963 0.14897226197916666 0.6277555092592593