4 0.11163541666666667 0.7057314814814816 0.052703124999999997 0.09477777777777768
4 0.266359375 0.3654537037037037 0.04913541666666668 0.09619444444444443
4 0.1579583333333333 0.698787037037037 0.04913541666666668 0.09407407407407399
4 0.21496354166666667 0.36306481481481484 0.05127083333333336 0.09705555555555549
4 0.2521979166666667 0.7022592592592594 0.057187499999999974 0.10921296296296301
4 0.39575 0.7066018518518519 0.05529687500000004 0.1062314814814815
3 0.6457604166666666 0.6993055555555555 0.04690624999999997 0.09098148148148147
4 0.5209947916666666 0.35850925925925925 0.047880208333333306 0.1062314814814815
4 0.4311510416666666 0.3615462962962963 0.05898958333333333 0.11599074074074073
4 0.32324479166666664 0.3663240740740741 0.06622395833333337 0.12727777777777782
4 0.06384375 0.7018240740740741 0.04931770833333334 0.08962962962962959
4 0.7416979166666666 0.35547222222222224 0.05340624999999998 0.0967314814814815
4 0.05966145833333333 0.37000925925925926 0.05127083333333333 0.10524999999999997
4 0.5830104166666668 0.35568518518518516 0.05398437500000005 0.10780555555555561
4 0.6381822916666666 0.3613240740740741 0.05050520833333323 0.10069444444444445
4 0.84375 0.358287037037037 0.05291666666666662 0.09760185185185183
3 0.20886979166666667 0.6935092592592592 0.04595833333333334 0.09065740740740748
4 0.546875 0.6966111111111112 0.054593750000000024 0.10471296296296288
4 0.15905729166666666 0.3572037037037037 0.050901041666666674 0.09249999999999999
4 0.896484375 0.3502592592592592 0.05920312500000004 0.09830555555555552
3 0.8579427083333333 0.6898333333333333 0.059755208333333344 0.10487037037037036
4 0.9584947916666666 0.3684907407407408 0.058901041666666744 0.09852777777777774
4 0.7895520833333334 0.34874074074074074 0.046994791666666674 0.08995370370370369
4 0.7036145833333334 0.7031296296296297 0.05441145833333323 0.11262962962962972
3 0.49790104166666665 0.687324074074074 0.04595833333333334 0.09065740740740748
3 0.44194791666666666 0.7085925925925926 0.04595833333333334 0.09065740740740748
3 0.30494791666666665 0.7024074074074075 0.04595833333333334 0.09065740740740748
3 0.34701041666666665 0.6962222222222222 0.04595833333333334 0.09065740740740748
3 0.7618489583333333 0.6914074074074075 0.04595833333333322 0.09065740740740748
3 0.6966249999999999 0.36135185185185187 0.04595833333333322 0.09065740740740738
4 0.38245312499999995 0.37153703703703705 0.04788020833333337 0.1062314814814815
4 0.47159375000000003 0.35437962962962966 0.04788020833333337 0.0540833333333333
4 0.7984479166666667 0.6802962962962963 0.04788020833333325 0.1062314814814815
4 0.5943072916666666 0.689212962962963 0.04788020833333325 0.1062314814814815