4 0.1356201171875 0.3643663194444444 0.09771728515625 0.10899522569444445
4 0.329833984375 0.3658854166666667 0.187744140625 0.13661024305555555
4 0.265869140625 0.3658854166666667 0.05108642578125 0.0959743923611111
4 0.58203125 0.3543836805555556 0.054290771484375 0.10801866319444445
4 0.059112548828125 0.3704427083333333 0.050994873046875 0.1081814236111111
4 0.6376953125 0.3595920138888889 0.0509033203125 0.10107421875
4 0.92431640625 0.359375 0.1304931640625 0.11968315972222222
4 0.740234375 0.3546006944444444 0.054412841796875 0.10015190972222222
4 0.52001953125 0.3572048611111111 0.0469970703125 0.10389539930555555
4 0.11553955078125 0.7074652777777778 0.1500244140625 0.1142578125
4 0.0635986328125 0.7039930555555556 0.04913330078125 0.08751085069444445
4 0.5693359375 0.7018229166666666 0.1041259765625 0.11707899305555555
4 0.84326171875 0.3548177083333333 0.0535888671875 0.0988498263888889
4 0.78955078125 0.3454861111111111 0.046630859375 0.0886501736111111
4 0.39697265625 0.7074652777777778 0.055419921875 0.10801866319444445
4 0.80517578125 0.7013888888888888 0.05987548828125 0.10606553819444445
4 0.7041015625 0.7013888888888888 0.05419921875 0.11241319444444445
4 0.78857421875 0.6697048611111112 0.0226287841796875 0.039469401041666664