4 0.2605 0.7000833333333334 0.056973958333333324 0.10758333333333338
4 0.11456249999999998 0.7018240740740741 0.05371354166666665 0.09581481481481482
1 0.8139635416666666 0.46658333333333335 0.06210416666666655 0.059842592592592586
4 0.16308854166666667 0.6940092592592593 0.05004687500000002 0.09162962962962966
4 0.857421875 0.35676851851851854 0.053713541666666725 0.09906481481481483
4 0.4025885416666667 0.7066018518518519 0.05529687500000004 0.1095925925925925
4 0.5307604166666666 0.3532962962962963 0.05014062499999999 0.1066111111111111
4 0.21984895833333334 0.35633333333333334 0.05184895833333331 0.09830555555555552
3 0.45666666666666667 0.6874444444444445 0.0484010416666667 0.1058518518518518
3 0.7534531250000001 0.36450000000000005 0.04840104166666658 0.09722222222222222
4 0.06609895833333333 0.6966111111111112 0.05023437499999999 0.08897222222222215
1 0.246703125 0.4782962962962962 0.06646875000000001 0.051435185185185146
4 0.912109375 0.3506944444444444 0.059755208333333344 0.09976851851851852
4 0.8032239583333334 0.3476574074074074 0.04733333333333339 0.09130555555555557
4 0.5932604166666666 0.35156481481481483 0.053895833333333344 0.10758333333333328
4 0.6118177083333334 0.7092037037037038 0.04904166666666659 0.09619444444444454
3 0.292375 0.7075833333333333 0.04733333333333327 0.0911481481481482
4 0.6499010416666666 0.3572037037037037 0.05081249999999997 0.10014814814814813
4 0.3298333333333333 0.35915740740740737 0.06548958333333334 0.12727777777777782
4 0.1640625 0.3502592592592592 0.05050520833333335 0.09147222222222219
3 0.20778125 0.7001018518518519 0.060213541666666676 0.04225925925925935
4 0.9716822916666668 0.3676203703703703 0.05410937499999993 0.09689814814814812
4 0.556640625 0.6983518518518519 0.05349479166666669 0.10562962962962956
4 0.4333489583333333 0.35676851851851854 0.060427083333333326 0.11924999999999997
4 0.818359375 0.7078981481481481 0.061526041666666725 0.10780555555555561
4 0.7124010416666666 0.7066018518518519 0.055421874999999926 0.11349999999999993
3 0.7100520833333334 0.3577037037037037 0.04949999999999998 0.10090740740740742
3 0.7560468749999999 0.710138888888889 0.04596354166666667 0.10389814814814818
3 0.5063385416666667 0.7022314814814814 0.04949999999999998 0.10069444444444445
3 0.34889583333333335 0.6898796296296297 0.04949999999999998 0.10069444444444445
3 0.8698541666666666 0.6912499999999999 0.04949999999999998 0.10069444444444445
3 0.665328125 0.7022314814814814 0.04949999999999998 0.10069444444444445
4 0.28275 0.3638703703703704 0.05184895833333331 0.09830555555555552
4 0.061625 0.3672962962962963 0.05184895833333334 0.09830555555555552
4 0.11140625 0.35424999999999995 0.05184895833333334 0.09830555555555552
4 0.4845625 0.3480648148148148 0.05184895833333331 0.09830555555555552
1 0.20324479166666667 0.5628333333333333 0.05184895833333331 0.09830555555555562