3 0.6600989583333334 0.3058990740740741 0.70640625 0.41843148148148146 0.7542578125 0.42117685185185183 0.70640625 0.31001666666666666 0.6614583333333334 0.3088138888888889 0.6600989583333334 0.3058990740740741
3 0.4590442708333333 0.6386842592592592 0.5053520833333333 0.7512166666666666 0.553203125 0.7539611111111111 0.5053520833333333 0.6428018518518519 0.4604036458333333 0.6415981481481482 0.4590442708333333 0.6386842592592592
3 0.6168734375 0.6283842592592592 0.6631807291666667 0.7409157407407407 0.7110317708333334 0.7436611111111111 0.6631807291666667 0.6325009259259259 0.6182328125000001 0.6312981481481482 0.6168734375 0.6283842592592592
3 0.7121875000000001 0.6523916666666666 0.7584947916666667 0.7649240740740741 0.8063458333333333 0.7676685185185185 0.7584947916666667 0.6565092592592592 0.713546875 0.6553055555555556 0.7121875000000001 0.6523916666666666
3 0.8028703125 0.6022935185185185 0.849178125 0.7148249999999999 0.8970291666666667 0.7175703703703704 0.849178125 0.6064101851851852 0.8042296875 0.6052074074074074 0.8028703125 0.6022935185185185
3 0.3085348958333333 0.6221842592592592 0.3548421875 0.7347157407407408 0.40269322916666667 0.7374611111111111 0.3548421875 0.6263009259259259 0.3098942708333333 0.6250981481481481 0.3085348958333333 0.6221842592592592
3 0.40847916666666667 0.6324685185185186 0.45478645833333337 0.7450009259259259 0.5026380208333333 0.7477453703703704 0.45478645833333337 0.6365851851851851 0.40983854166666667 0.6353824074074074 0.40847916666666667 0.6324685185185186
3 0.17037864583333334 0.6386361111111111 0.21668645833333333 0.7511685185185185 0.2645375 0.753912962962963 0.21668645833333333 0.6427527777777777 0.17173802083333334 0.6415500000000001 0.17037864583333334 0.6386361111111111
3 0.2656927083333333 0.6434314814814814 0.312 0.7559629629629631 0.35985104166666665 0.7587083333333333 0.312 0.6475481481481481 0.26705208333333336 0.6463453703703703 0.2656927083333333 0.6434314814814814
4 0.4895328125 0.4143148148148148 0.5420145833333333 0.41157037037037036 0.49647864583333334 0.299037962962963 0.4461807291666667 0.294925 0.4895328125 0.4143148148148148
4 0.5431697916666667 0.4204824074074074 0.5956515625000001 0.417737037037037 0.550115625 0.30520555555555556 0.49981770833333333 0.30109166666666665 0.5431697916666667 0.4204824074074074
4 0.38919479166666665 0.4252768518518518 0.4416765625 0.4225324074074074 0.396140625 0.31 0.34584270833333336 0.30588703703703707 0.38919479166666665 0.4252768518518518
4 0.43048281250000003 0.4136046296296296 0.48296510416666666 0.41085925925925926 0.4374291666666667 0.2983277777777778 0.3871307291666667 0.2942138888888889 0.43048281250000003 0.4136046296296296
4 0.5983453125 0.42663333333333336 0.6508270833333333 0.4238888888888889 0.6052916666666667 0.3113564814814815 0.5549932291666667 0.3072435185185185 0.5983453125 0.42663333333333336
4 0.6627875 0.43280092592592595 0.7152692708333334 0.4300564814814815 0.6697333333333333 0.31752407407407407 0.6194354166666667 0.3134101851851852 0.6627875 0.43280092592592595
4 0.7619604166666666 0.42112777777777777 0.8144421875 0.41838333333333333 0.76890625 0.30585092592592594 0.7186083333333334 0.30173796296296296 0.7619604166666666 0.42112777777777777
4 0.5531880208333334 0.7333277777777778 0.6056697916666667 0.7305833333333334 0.5601338541666667 0.6180509259259259 0.5098359375 0.613937962962963 0.5531880208333334 0.7333277777777778
4 0.6037374999999999 0.7381231481481482 0.6562197916666667 0.7353777777777778 0.6106838541666666 0.6228462962962963 0.5603854166666667 0.6187324074074074 0.6037374999999999 0.7381231481481482
4 0.9105229166666666 0.4327685185185185 0.9630046875 0.4300231481481482 0.9174687499999999 0.31749166666666667 0.8671708333333333 0.31337777777777776 0.9105229166666666 0.4327685185185185
4 0.8615114583333334 0.43344629629629633 0.9139932291666667 0.4307018518518519 0.8684572916666667 0.31816944444444445 0.818159375 0.31405648148148146 0.8615114583333334 0.43344629629629633
4 0.8047822916666667 0.40805 0.8572640625 0.4053055555555556 0.811728125 0.29277314814814814 0.7614296875 0.28866018518518516 0.8047822916666667 0.40805
4 0.9475182291666666 0.4197064814814815 1 0.41696203703703705 0.9544640624999999 0.3044296296296296 0.9041661458333333 0.3003166666666667 0.9475182291666666 0.4197064814814815
4 0.7067593750000001 0.7538638888888889 0.7592416666666666 0.7511194444444443 0.7137057291666667 0.638587037037037 0.6634072916666667 0.6344740740740741 0.7067593750000001 0.7538638888888889
4 0.787409375 0.7339574074074073 0.8398911458333332 0.731212037037037 0.7943552083333334 0.6186805555555556 0.7440567708333333 0.6145666666666666 0.787409375 0.7339574074074073
4 0.4003526041666667 0.7511037037037037 0.452834375 0.7483583333333333 0.40729895833333335 0.6358268518518518 0.35700052083333333 0.631712962962963 0.4003526041666667 0.7511037037037037
4 0.16842656250000002 0.7394305555555556 0.22090833333333335 0.7366851851851852 0.17537239583333333 0.6241537037037037 0.12507447916666667 0.6200398148148148 0.16842656250000002 0.7394305555555556
4 0.11246874999999999 0.7524592592592592 0.1649510416666667 0.7497148148148148 0.11941510416666666 0.6371824074074074 0.06911666666666667 0.6330694444444445 0.11246874999999999 0.7524592592592592
4 0.06808854166666665 0.7599990740740741 0.1205703125 0.7572546296296296 0.075034375 0.6447222222222222 0.024736458333333333 0.6406092592592592 0.06808854166666665 0.7599990740740741
4 0.3254786458333333 0.41484629629629627 0.37796041666666663 0.41210185185185183 0.3324244791666667 0.29956944444444444 0.2821265625 0.2954564814814815 0.3254786458333333 0.41484629629629627
4 0.2826416666666667 0.415525 0.3351234375 0.41277962962962966 0.28958802083333335 0.3002481481481481 0.23928958333333333 0.29613425925925924 0.2826416666666667 0.415525
4 0.22436875 0.4079685185185185 0.27685052083333334 0.40522407407407407 0.23131510416666667 0.2926916666666667 0.1810166666666667 0.2885787037037037 0.22436875 0.4079685185185185
4 0.18075989583333335 0.4182527777777778 0.23324166666666668 0.41550833333333337 0.18770625000000002 0.3029759259259259 0.13740781249999998 0.29886296296296294 0.18075989583333335 0.4182527777777778
4 0.13560729166666666 0.43402685185185186 0.18808958333333334 0.4312824074074074 0.14255364583333333 0.31875 0.09225520833333332 0.31463703703703705 0.13560729166666666 0.43402685185185186
4 0.06267083333333333 0.40725833333333333 0.11515260416666666 0.4045138888888889 0.06961666666666666 0.29198148148148145 0.019318229166666666 0.2878685185185185 0.06267083333333333 0.40725833333333333
1 0.32855052083333336 0.542425925925926 0.3810322916666667 0.5396814814814814 0.33549687499999997 0.4271490740740741 0.2851984375 0.4230361111111111 0.32855052083333336 0.542425925925926