4 0.84375 0.3574259259259259 0.05398437500000005 0.09976851851851852
4 0.214234375 0.36437037037037034 0.051359375000000006 0.09619444444444443
4 0.8955104166666668 0.35048148148148145 0.057374999999999926 0.09619444444444443
4 0.423515625 0.3692962962962963 0.04733333333333327 0.09114814814814809
4 0.5200208333333334 0.35850925925925925 0.04794270833333337 0.10562962962962967
4 0.324953125 0.37695370370370374 0.05898958333333333 0.10313888888888888
4 0.2658697916666667 0.3663240740740741 0.05050520833333335 0.09564814814814811
4 0.6420885416666666 0.36024074074074075 0.05059895833333338 0.10069444444444445
4 0.9580104166666668 0.3669722222222222 0.05834895833333344 0.09906481481481483
4 0.5825208333333334 0.3546018518518519 0.05319270833333339 0.1062314814814815
4 0.059875 0.3708796296296296 0.05090104166666666 0.10801851851851849
4 0.7900416666666668 0.34635185185185186 0.04663020833333344 0.08897222222222226
4 0.06347916666666667 0.7035555555555556 0.048494791666666676 0.08750925925925924
4 0.110109375 0.7083333333333334 0.05212499999999999 0.09407407407407399
4 0.156859375 0.6996574074074075 0.04958854166666667 0.09439814814814819
4 0.7407239583333334 0.3559074074074074 0.05380208333333343 0.10069444444444445
3 0.3042708333333334 0.7048611111111112 0.05581770833333337 0.10921296296296301
4 0.5459010416666668 0.6979166666666666 0.05270312500000003 0.10166666666666663
4 0.6020520833333334 0.7066018518518519 0.048947916666666674 0.09353703703703702
3 0.7678489583333333 0.6985740740740741 0.06008854166666661 0.1066111111111112
3 0.656328125 0.6977777777777778 0.05520833333333333 0.11187037037037031
4 0.3917760416666667 0.7199629629629629 0.03994791666666669 0.09619444444444454
4 0.1760625 0.37516666666666665 0.04250000000000001 0.12435185185185192
4 0.36476562500000004 0.37424074074074076 0.047343750000000046 0.14594444444444446
3 0.20758854166666665 0.7306296296296296 0.049130208333333356 0.1521296296296296
4 0.047609374999999995 0.3372407407407408 0.024703125000000003 0.038657407407407404
3 0.3468072916666667 0.7083333333333334 0.05581770833333337 0.1081851851851851
4 0.11624479166666667 0.3717314814814815 0.04250000000000001 0.12435185185185181
4 0.250921875 0.7017685185185185 0.04249999999999998 0.12435185185185181
4 0.475125 0.3675925925925926 0.042499999999999954 0.12435185185185181
4 0.7055 0.7058703703703704 0.042499999999999954 0.12435185185185181
3 0.8581510416666667 0.6765 0.05520833333333333 0.11187037037037031
3 0.6980000000000001 0.37525925925925924 0.05520833333333333 0.11187037037037031
3 0.4984895833333333 0.691574074074074 0.05520833333333333 0.11187037037037031
3 0.4525625 0.7004907407407407 0.05520833333333333 0.11187037037037031