3 0.7573854166666667 0.3701203703703704 0.033859375000000115 0.0970925925925926
4 0.2561041666666667 0.7005185185185184 0.05685416666666668 0.1081851851851851
4 0.11596875 0.7013888888888888 0.052828125000000004 0.09510185185185188
3 0.20833854166666665 0.6976944444444444 0.04751562500000001 0.08962962962962959
4 0.2204583333333333 0.35568518518518516 0.05184895833333331 0.09830555555555552
3 0.30673958333333334 0.7114166666666667 0.04867708333333335 0.08463888888888896
3 0.6614947916666666 0.7064537037037038 0.04904166666666659 0.09798148148148142
4 0.4038072916666666 0.7061666666666666 0.05551041666666663 0.11018518518518519
4 0.5288072916666666 0.35395370370370366 0.052828124999999976 0.10921296296296301
4 0.8584010416666668 0.3572037037037037 0.05410937499999993 0.09944444444444442
4 0.8041979166666666 0.3483055555555556 0.04812500000000005 0.09185185185185189
4 0.16891145833333335 0.35374074074074074 0.04717187500000002 0.08299999999999999
4 0.067078125 0.3615462962962963 0.04950000000000001 0.10877777777777779
4 0.9135729166666666 0.3502592592592592 0.060427083333333326 0.10037037037037035
4 0.43457291666666664 0.35633333333333334 0.058229166666666644 0.11621296296296295
4 0.6499010416666666 0.35676851851851854 0.05059895833333338 0.10069444444444445
4 0.27465625 0.35785185185185187 0.050322916666666696 0.10090740740740742
4 0.3315416666666666 0.3593796296296296 0.06536979166666666 0.12662962962962962
4 0.12408333333333334 0.3572037037037037 0.04931770833333335 0.09391666666666673
4 0.5947291666666668 0.35156481481481483 0.0535885416666666 0.10780555555555552
4 0.9734635416666666 0.3687037037037037 0.05306770833333327 0.09999074074074076
4 0.6162395833333334 0.7032314814814815 0.06622395833333337 0.08097222222222226
4 0.5576197916666668 0.6983518518518519 0.05349479166666669 0.1062314814814815
4 0.8193385416666668 0.7066018518518519 0.06268229166666663 0.10704629629629621
4 0.712890625 0.7061666666666666 0.05593750000000005 0.11349999999999993
3 0.5111354166666666 0.6843240740740741 0.05059895833333332 0.10200000000000008
3 0.7065989583333334 0.36856481481481485 0.03986979166666676 0.10877777777777779
3 0.473703125 0.6959814814814814 0.05059895833333338 0.10200000000000008
3 0.35522916666666665 0.6980277777777778 0.05059895833333338 0.10200000000000008
4 0.1661875 0.6970833333333334 0.05685416666666665 0.1081851851851851
4 0.06546875 0.6922685185185184 0.056854166666666664 0.1081851851851851
3 0.7623489583333334 0.7042129629629629 0.05059895833333338 0.10200000000000008
1 0.297265625 0.5684814814814815 0.07369791666666667 0.044027777777777735
1 0.16443750000000001 0.4795555555555555 0.07540104166666665 0.0544444444444444
1 0.8243854166666666 0.4648148148148148 0.07064062500000005 0.11137962962962959