3 0.6912343750000001 0.3948425925925926 0.04885937499999997 0.10128703703703702
4 0.11065625 0.7092037037037038 0.05212499999999999 0.09407407407407399
4 0.15673958333333332 0.7009537037037037 0.05041666666666666 0.09407407407407399
4 0.251953125 0.7048611111111112 0.056640625 0.10839814814814809
4 0.3962395833333333 0.7087685185185185 0.0551145833333333 0.10758333333333338
4 0.21386979166666667 0.3639351851851852 0.05184895833333331 0.09776851851851855
4 0.266359375 0.3669722222222222 0.05023437499999999 0.0967314814814815
4 0.5830104166666668 0.35568518518518516 0.0535885416666666 0.10742592592592591
4 0.5205104166666666 0.35850925925925925 0.047239583333333356 0.10547222222222219
3 0.2905208333333333 0.7125925925925927 0.05014062499999999 0.10644444444444448
4 0.063109375 0.7035555555555556 0.049041666666666664 0.08621296296296287
4 0.7407239583333334 0.3559074074074074 0.053895833333333344 0.09798148148148142
4 0.84375 0.35850925925925925 0.05331250000000007 0.09776851851851855
4 0.32129166666666664 0.3663240740740741 0.06463541666666663 0.12630555555555553
4 0.6118177083333334 0.7078981481481481 0.04977604166666675 0.09424074074074072
4 0.896484375 0.3506944444444444 0.058901041666666744 0.09743518518518521
4 0.9580104166666668 0.3687037037037037 0.058901041666666744 0.09852777777777774
4 0.7890625 0.34809259259259256 0.04733333333333339 0.08881481481481478
4 0.11779687499999998 0.3680555555555556 0.04940624999999999 0.09494444444444441
4 0.5463854166666666 0.6979166666666666 0.054109374999999994 0.10427777777777768
4 0.15966666666666668 0.35915740740740737 0.051942708333333344 0.09320370370370368
4 0.6381822916666666 0.3621944444444445 0.05050520833333323 0.09961111111111115
4 0.8032239583333334 0.7035555555555556 0.059328124999999926 0.1058518518518518
4 0.697265625 0.7039907407407406 0.05154166666666669 0.11219444444444451
3 0.642046875 0.7004537037037037 0.04087500000000001 0.11968518518518517
3 0.8477291666666668 0.6983888888888888 0.04087500000000001 0.11968518518518517
3 0.7508645833333334 0.7127870370370369 0.04087500000000001 0.11968518518518517
3 0.21099479166666668 0.7079814814814814 0.04087500000000001 0.11968518518518517
3 0.4452291666666667 0.7031666666666666 0.04087500000000001 0.11968518518518517
3 0.49964062499999995 0.6997314814814816 0.04087500000000001 0.11968518518518517
3 0.33871875 0.7072685185185186 0.04087500000000001 0.11968518518518517
4 0.4784322916666667 0.36224074074074075 0.0551145833333333 0.10758333333333338
4 0.429421875 0.36292592592592593 0.0551145833333333 0.10758333333333328
4 0.3835 0.3814444444444444 0.0551145833333333 0.10758333333333328