3 0.7116927083333333 0.3688981481481482 0.04715104166666677 0.10427777777777779
4 0.2612291666666667 0.6979166666666666 0.05645833333333332 0.10742592592592591
4 0.11877604166666668 0.7000833333333334 0.053312500000000006 0.09477777777777768
4 0.1643072916666667 0.6914074074074075 0.04958854166666669 0.09304629629629631
4 0.22180208333333334 0.35395370370370366 0.05184895833333331 0.09776851851851855
4 0.276609375 0.3565555555555555 0.050718749999999965 0.09885185185185184
4 0.6184635416666667 0.713962962962963 0.062437500000000055 0.057620370370370384
4 0.4060052083333333 0.7009537037037037 0.05611979166666667 0.10921296296296301
4 0.8061510416666666 0.34591666666666665 0.04885937499999997 0.09304629629629631
4 0.071046875 0.693138888888889 0.04858333333333334 0.08637037037037035
4 0.8598645833333334 0.3559074074074074 0.05398437500000005 0.09976851851851852
3 0.7614635416666666 0.3648796296296296 0.04821874999999996 0.0947777777777778
4 0.06939583333333334 0.35980555555555555 0.05014062499999999 0.10682407407407409
4 0.33203125 0.3574259259259259 0.06323437500000004 0.12662962962962962
4 0.595703125 0.34982407407407407 0.05410937499999993 0.10861111111111107
4 0.9150416666666668 0.34938888888888886 0.06008854166666661 0.09814814814814815
4 0.6513697916666668 0.35547222222222224 0.05081249999999997 0.10107407407407404
4 0.17110937499999998 0.3484166666666667 0.06371875000000002 0.049962962962962994
4 0.12597916666666667 0.35525 0.04958854166666667 0.0933703703703704
4 0.38045833333333334 0.38099074074074074 0.06658854166666663 0.046064814814814815
4 0.43457291666666664 0.3546018518518519 0.05898958333333333 0.11729629629629636
4 0.9737447916666666 0.3676203703703703 0.0525052083333333 0.10128703703703702
4 0.8208020833333334 0.7052962962962963 0.05920312500000004 0.10449074074074066
4 0.5581041666666666 0.6970462962962962 0.05270312500000003 0.10411111111111117
4 0.481203125 0.3513425925925926 0.05117708333333333 0.10259259259259255
4 0.7153333333333334 0.7052962962962963 0.05645833333333338 0.11469444444444435
4 0.5417708333333333 0.34452777777777777 0.05645833333333338 0.10742592592592591
1 0.413265625 0.574388888888889 0.05645833333333338 0.10742592592592591
1 0.09335416666666667 0.47488888888888886 0.056458333333333326 0.10742592592592591
1 0.8176822916666667 0.4783055555555556 0.05645833333333338 0.10742592592592591
3 0.45969791666666665 0.7057962962962963 0.04715104166666665 0.10427777777777768
3 0.5125677083333333 0.6941296296296297 0.04715104166666665 0.10427777777777789
3 0.6588177083333334 0.7140185185185185 0.04715104166666677 0.10427777777777789
3 0.7641666666666667 0.6996018518518519 0.04715104166666677 0.10427777777777789
3 0.8671979166666667 0.6755740740740741 0.04715104166666677 0.10427777777777789
3 0.21155729166666667 0.698212962962963 0.04715104166666665 0.10427777777777789
3 0.307640625 0.7030092592592593 0.04715104166666665 0.10427777777777768
3 0.3535625 0.7050555555555555 0.04715104166666665 0.10427777777777768