4 0.112 0.7052962962962963 0.053010416666666685 0.09439814814814819
4 0.2526875 0.7009537037037037 0.05645833333333332 0.10758333333333338
4 0.3967291666666667 0.7061666666666666 0.05529687500000004 0.10758333333333338
4 0.11859375 0.3645833333333333 0.04830729166666667 0.09320370370370368
4 0.06439062499999999 0.7005185185185184 0.049135416666666674 0.08897222222222215
4 0.6025416666666668 0.7061666666666666 0.04830729166666667 0.09477777777777768
4 0.42676041666666664 0.3606759259259259 0.05834895833333332 0.11577777777777774
4 0.8051770833333334 0.7018240740740741 0.059328124999999926 0.10525000000000007
4 0.327390625 0.3635 0.06585937500000003 0.1256481481481481
4 0.958984375 0.36784259259259255 0.05822916666666676 0.09944444444444442
4 0.05996875 0.36957407407407405 0.05154166666666667 0.1050925925925926
4 0.8974635416666668 0.34982407407407407 0.05844270833333335 0.09743518518518521
4 0.5830104166666668 0.3537314814814815 0.05319270833333339 0.10742592592592591
4 0.5219739583333334 0.3565555555555555 0.04708854166666665 0.10449074074074076
4 0.21520833333333333 0.3617592592592592 0.05059895833333332 0.09689814814814812
4 0.6391614583333334 0.3593796296296296 0.05135937500000007 0.10069444444444445
4 0.7026354166666666 0.7005185185185184 0.05603124999999996 0.11285185185185195
4 0.8447291666666668 0.3565555555555555 0.05331250000000007 0.09814814814814815
4 0.7895520833333334 0.3474351851851852 0.04812500000000005 0.09016666666666666
4 0.26635937500000006 0.36437037037037034 0.04922395833333336 0.09689814814814812
4 0.5473645833333334 0.69575 0.05429166666666661 0.10449074074074066
4 0.16646875 0.3696666666666667 0.06585937500000003 0.1256481481481482
4 0.4740260416666667 0.36623148148148144 0.06585937500000003 0.1256481481481482
4 0.7630625 0.37239814814814814 0.0658593749999999 0.1256481481481481
3 0.650065625 0.3168787037037037 0.6932859375 0.4266657407407407 0.7395937499999999 0.4198037037037037 0.6956010416666667 0.31825092592592596 0.6493057291666666 0.3165296296296296 0.650065625 0.3168787037037037
3 0.8063510416666666 0.6290787037037037 0.8495713541666666 0.7388657407407407 0.8958791666666667 0.7320037037037037 0.8518869791666667 0.6304509259259259 0.8055911458333332 0.6287296296296296 0.8063510416666666 0.6290787037037037
3 0.7156630208333333 0.6448518518518519 0.7588833333333334 0.7546398148148148 0.8051906249999999 0.7477777777777778 0.7611984374999999 0.6462240740740741 0.7149026041666667 0.6445037037037037 0.7156630208333333 0.6448518518518519
3 0.4613546875 0.6482749999999999 0.504575 0.758062037037037 0.5508828124999999 0.7512009259259259 0.506890625 0.6496472222222223 0.46059479166666667 0.6479259259259259 0.4613546875 0.6482749999999999
3 0.6083786458333333 0.6352296296296296 0.6515989583333333 0.7450166666666667 0.6979067708333333 0.7381555555555556 0.6539145833333334 0.6366018518518518 0.60761875 0.6348805555555556 0.6083786458333333 0.6352296296296296
3 0.4046255208333333 0.6475805555555555 0.44784583333333333 0.7573675925925926 0.4941536458333333 0.7505064814814815 0.45016093749999997 0.6489527777777778 0.403865625 0.6472314814814815 0.4046255208333333 0.6475805555555555
3 0.3085348958333333 0.6372796296296296 0.35175520833333335 0.7470675925925926 0.3980630208333333 0.7402055555555556 0.35407031250000004 0.6386518518518519 0.307775 0.6369305555555556 0.3085348958333333 0.6372796296296296
3 0.25759166666666666 0.6509870370370371 0.30081197916666663 0.760774074074074 0.3471192708333334 0.753912962962963 0.3031270833333333 0.6523592592592593 0.25683125 0.650637962962963 0.25759166666666666 0.6509870370370371
3 0.16304947916666668 0.6338407407407407 0.20626979166666667 0.7436287037037037 0.25257708333333334 0.7367666666666667 0.20858489583333334 0.6352129629629629 0.16228958333333335 0.6334916666666667 0.16304947916666668 0.6338407407407407