4 0.227296875 0.35525 0.0522447916666667 0.09722222222222222
4 0.43109375 0.35915740740740737 0.05677083333333333 0.13509259259259257
4 0.2795416666666667 0.3576388888888889 0.05145312499999998 0.09814814814814815
4 0.5971666666666666 0.3517777777777778 0.05184895833333343 0.10644444444444448
4 0.07183854166666667 0.3615462962962963 0.05252083333333334 0.10937962962962963
4 0.8542343750000001 0.3576388888888889 0.03604687500000002 0.11577777777777774
4 0.1384270833333333 0.6940092592592593 0.1271979166666667 0.11285185185185195
4 0.07531770833333334 0.6940092592592593 0.04840104166666667 0.08669444444444455
4 0.5859375 0.698787037037037 0.09619270833333336 0.11729629629629636
4 0.409421875 0.7048611111111112 0.05490104166666671 0.10839814814814809
4 0.9734375 0.3675925925925926 0.053125 0.09814814814814815
4 0.262453125 0.6966111111111112 0.05624479166666664 0.10861111111111107
4 0.8208020833333334 0.7009537037037037 0.05996874999999993 0.1050925925925926
4 0.6528333333333334 0.3548148148148148 0.04958854166666669 0.09944444444444442
4 0.7172864583333334 0.7031296296296297 0.056760416666666674 0.11285185185185174
3 0.3308125 0.6840277777777778 0.07433854166666667 0.1080185185185186
3 0.46090625 0.7172685185185185 0.037911458333333314 0.14203703703703713
4 0.05877604166666666 0.3274722222222222 0.02641145833333333 0.04114814814814809
3 0.4947239583333333 0.7117685185185185 0.040828125000000055 0.13910185185185187
4 0.7407239583333334 0.35633333333333334 0.05410937499999993 0.10128703703703702
4 0.379765625 0.37355555555555553 0.05677083333333333 0.13509259259259257
4 0.32921354166666666 0.36875 0.05677083333333333 0.13509259259259257
4 0.47237500000000004 0.36530555555555555 0.05677083333333333 0.13509259259259257
4 0.5290989583333333 0.35088888888888886 0.05677083333333328 0.13509259259259257
4 0.8104166666666667 0.3694074074074074 0.05677083333333333 0.13509259259259257
4 0.89415625 0.3742037037037037 0.05677083333333333 0.13509259259259257
3 0.6540989583333333 0.7165648148148148 0.04082812499999993 0.13910185185185187
3 0.86209375 0.6705833333333333 0.04082812499999993 0.13910185185185187
3 0.20568229166666668 0.695962962962963 0.04082812499999999 0.13910185185185187