4 0.227296875 0.35525 0.0522447916666667 0.09722222222222222
4 0.37011979166666664 0.35915740740740737 0.17871354166666661 0.13509259259259257
4 0.2795416666666667 0.3576388888888889 0.05145312499999998 0.09814814814814815
4 0.5971666666666666 0.3517777777777778 0.05184895833333343 0.10644444444444448
4 0.07183854166666667 0.3615462962962963 0.05252083333333334 0.10937962962962963
4 0.8330104166666668 0.3576388888888889 0.11554166666666674 0.11577777777777774
4 0.1384270833333333 0.6940092592592593 0.1271979166666667 0.11285185185185195
4 0.07531770833333334 0.6940092592592593 0.04840104166666667 0.08669444444444455
4 0.939453125 0.4830740740740741 0.0630468750000001 0.047037037037036995
4 0.5859375 0.698787037037037 0.09619270833333336 0.11729629629629636
4 0.409421875 0.7048611111111112 0.05490104166666671 0.10839814814814809
4 0.71875 0.4652777777777778 0.06130729166666669 0.0466851851851852
4 0.7465833333333334 0.5668425925925926 0.06064062499999991 0.041722222222222174
4 0.9734375 0.3675925925925926 0.053125 0.09814814814814815
4 0.262453125 0.6966111111111112 0.05624479166666664 0.10861111111111107
4 0.8208020833333334 0.7009537037037037 0.05996874999999993 0.1050925925925926
4 0.6528333333333334 0.3548148148148148 0.04958854166666669 0.09944444444444442
4 0.7172864583333334 0.7031296296296297 0.056760416666666674 0.11285185185185174
3 0.3308125 0.6840277777777778 0.07433854166666667 0.1080185185185186
3 0.46090625 0.7172685185185185 0.037911458333333314 0.14203703703703713
4 0.05877604166666666 0.3274722222222222 0.02641145833333333 0.04114814814814809
3 0.4947239583333333 0.7117685185185185 0.040828125000000055 0.13910185185185187