4 0.16760416666666667 0.6892407407407407 0.050234375000000026 0.09353703703703702
4 0.7568385416666668 0.35959259259259263 0.05331250000000007 0.09776851851851855
4 0.12140104166666667 0.6983518518518519 0.05184895833333334 0.0926666666666666
4 0.5258802083333334 0.3524351851851852 0.05166666666666663 0.10720370370370368
3 0.3170885416666666 0.7068240740740741 0.06021354166666661 0.044324074074073974
4 0.2775885416666667 0.3572037037037037 0.05071875000000003 0.0963518518518518
4 0.225953125 0.35568518518518516 0.05071875 0.09494444444444441
4 0.2605 0.6953148148148148 0.05645833333333332 0.10937962962962973
4 0.40625 0.6992222222222222 0.05520833333333333 0.1081851851851851
4 0.8530260416666666 0.3535185185185185 0.05331250000000007 0.09961111111111115
4 0.073546875 0.6914074074074075 0.04830729166666667 0.08653703703703707
4 0.90625 0.34809259259259256 0.05581770833333337 0.0967314814814815
4 0.3342291666666667 0.3587222222222222 0.06585937500000003 0.1256481481481481
4 0.07183854166666667 0.3615462962962963 0.04950000000000001 0.1058518518518518
4 0.6484375 0.3546018518518519 0.05014062499999999 0.10037037037037035
4 0.7993177083333334 0.3433148148148148 0.04733333333333339 0.09016666666666666
4 0.5947291666666668 0.3476574074074074 0.05282812499999991 0.10720370370370368
4 0.5571302083333334 0.6922777777777778 0.051942708333333344 0.10221296296296306
4 0.1693125 0.3496111111111111 0.04949999999999998 0.09217592592592588
4 0.6108385416666666 0.7026944444444444 0.04922395833333345 0.09581481481481482
4 0.9682604166666666 0.3639351851851852 0.05856250000000003 0.10014814814814813
4 0.12793229166666667 0.3587222222222222 0.048677083333333336 0.09234259259259261
4 0.8134791666666668 0.6992222222222222 0.059328124999999926 0.1081851851851851
4 0.7075208333333334 0.6961851851851851 0.05593750000000005 0.11262962962962972
3 0.7084322916666667 0.3553148148148148 0.050046875000000074 0.10052777777777772
3 0.5073020833333334 0.6977037037037037 0.04822395833333329 0.12076851851851858
4 0.3881145833333333 0.3558611111111111 0.05166666666666669 0.10720370370370368
4 0.43557291666666664 0.35516666666666663 0.05166666666666669 0.10720370370370368
4 0.4814947916666667 0.35996296296296293 0.05166666666666669 0.10720370370370368
3 0.4536614583333333 0.69975 0.04822395833333329 0.12076851851851858
3 0.3529375 0.7004351851851852 0.04822395833333329 0.12076851851851858
3 0.7693177083333332 0.7038518518518518 0.04822395833333341 0.12076851851851858
3 0.6585625 0.6976666666666667 0.04822395833333341 0.12076851851851858
3 0.8634739583333333 0.68325 0.04822395833333341 0.12076851851851858
3 0.20397395833333334 0.6907962962962962 0.04822395833333335 0.12076851851851858