4 0.11065625 0.7087685185185185 0.05212499999999999 0.0933703703703703
4 0.2514635416666667 0.7035555555555556 0.05542187499999998 0.10780555555555561
4 0.3969739583333334 0.7083333333333334 0.05593750000000005 0.10742592592592591
4 0.15966666666666668 0.35850925925925925 0.0512708333333333 0.09287962962962969
4 0.6025416666666668 0.7070277777777778 0.04922395833333345 0.0936944444444445
4 0.4255364583333333 0.36241666666666666 0.05834895833333332 0.11686111111111115
4 0.063234375 0.7039907407407406 0.04913541666666666 0.08750925925925924
4 0.3208020833333334 0.3650185185185185 0.06476041666666663 0.1268425925925926
4 0.8056666666666668 0.7026944444444444 0.060854166666666744 0.1080185185185186
4 0.9580104166666668 0.3676203703703703 0.05856250000000003 0.09906481481481483
4 0.5830104166666668 0.3548148148148148 0.053895833333333344 0.10801851851851849
4 0.896484375 0.3506944444444444 0.057802083333333344 0.09619444444444443
4 0.5205104166666666 0.358287037037037 0.04663020833333332 0.10449074074074076
4 0.2135 0.3635 0.0512708333333333 0.09689814814814812
4 0.05898958333333334 0.3704444444444444 0.052338541666666655 0.1070462962962963
4 0.6420885416666666 0.36024074074074075 0.051088541666666744 0.10166666666666663
4 0.26635937500000006 0.3654537037037037 0.04950000000000001 0.0952685185185185
4 0.703125 0.7009537037037037 0.054994791666666744 0.11285185185185195
4 0.8442395833333334 0.3576388888888889 0.05349479166666669 0.09852777777777774
4 0.7900416666666668 0.3465740740740741 0.04654166666666673 0.08897222222222226
4 0.7407239583333334 0.3548148148148148 0.0535885416666666 0.09852777777777774
4 0.546875 0.6974814814814815 0.05419791666666664 0.10389814814814818
4 0.11296875 0.3770277777777778 0.051270833333333335 0.09287962962962969
4 0.4722395833333334 0.3584907407407408 0.05127083333333336 0.09287962962962969
4 0.15155729166666668 0.7104907407407408 0.05127083333333335 0.09287962962962958
3 0.6471996020833333 0.31190952222222224 0.6925140625 0.41843148148148146 0.7357343749999999 0.41843148148148146 0.6917421874999999 0.3127611111111111 0.6471996020833333 0.31190952222222224
3 0.7895928312499999 0.610386374074074 0.8349072916666667 0.7169083333333333 0.8781276041666667 0.7169083333333333 0.8341354166666667 0.611237962962963 0.7895928312499999 0.610386374074074
3 0.7104818984375 0.6522345314814815 0.7557963541666666 0.7587564814814814 0.7990166666666667 0.7587564814814814 0.7550244791666666 0.653086111111111 0.7104818984375 0.6522345314814815
3 0.6066730442708334 0.6433058277777778 0.6519875 0.7498277777777778 0.6952078125 0.7498277777777778 0.6512156250000001 0.6441574074074075 0.6066730442708334 0.6433058277777778
3 0.45269765156249997 0.6426113861111111 0.49801249999999997 0.7491342592592594 0.5412328125 0.7491342592592594 0.497240625 0.643463888888889 0.45269765156249997 0.6426113861111111
3 0.40059960677083334 0.6487789759259259 0.4459140625 0.7553009259259259 0.489134375 0.7553009259259259 0.44514166666666666 0.6496305555555556 0.40059960677083334 0.6487789759259259
3 0.3021929640625 0.6384780527777778 0.3475078125 0.7450009259259259 0.390728125 0.7450009259259259 0.3467359375 0.6393305555555555 0.3021929640625 0.6384780527777778
3 0.2500949192708333 0.6377845314814814 0.29540937500000003 0.7443064814814815 0.3386296875 0.7443064814814815 0.2946375 0.6386361111111111 0.2500949192708333 0.6377845314814814
3 0.16866783125 0.6521854481481482 0.21398229166666666 0.7587074074074074 0.2572026041666667 0.7587074074074074 0.21321041666666665 0.653037037037037 0.16866783125 0.6521854481481482