4 0.84375 0.35633333333333334 0.05331250000000007 0.09923148148148145
3 0.20009375000000001 0.6967592592592593 0.038515625000000026 0.12521296296296297
4 0.13659895833333333 0.3639351851851852 0.09533854166666665 0.10877777777777779
4 0.8950208333333334 0.34874074074074074 0.05770833333333343 0.0963518518518518
4 0.26489062499999994 0.3663240740740741 0.05090104166666665 0.09743518518518521
3 0.35134375 0.7005092592592592 0.02762499999999998 0.10780555555555561
4 0.5815416666666666 0.3537314814814815 0.05349479166666669 0.10742592592592591
4 0.6411145833333334 0.35915740740740737 0.050901041666666674 0.10014814814814813
4 0.9575208333333334 0.36610185185185184 0.059755208333333344 0.10014814814814813
4 0.05877604166666666 0.3704444444444444 0.05108854166666666 0.10780555555555552
4 0.7885729166666666 0.34591666666666665 0.046994791666666674 0.08881481481481478
4 0.395265625 0.7070277777777778 0.05572395833333334 0.10861111111111107
4 0.7397447916666666 0.35525 0.053713541666666725 0.10128703703703702
4 0.10949479166666665 0.7078981481481481 0.052338541666666655 0.0933703703703703
4 0.063109375 0.7035555555555556 0.049223958333333345 0.08735185185185178
4 0.1564947916666667 0.698787037037037 0.04958854166666667 0.0936944444444445
4 0.6010729166666666 0.7070277777777778 0.05014062499999999 0.09526851851851861
3 0.3101614583333333 0.6944537037037037 0.05801562500000005 0.10839814814814809
4 0.6977552083333334 0.7026944444444444 0.05252083333333341 0.11122222222222233
4 0.5463854166666666 0.6974814814814815 0.05340624999999998 0.10335185185185175
4 0.5245572916666666 0.36077777777777775 0.031203125000000043 0.09249999999999999
4 0.31640625 0.35959259259259263 0.03173958333333336 0.05474074074074074
3 0.7579270833333334 0.7195092592592593 0.04227083333333326 0.14594444444444454
4 0.22034375 0.3829074074074074 0.04493229166666666 0.14572222222222223
4 0.2455520833333333 0.700425925925926 0.031203124999999984 0.09250000000000008
4 0.471296875 0.35938888888888887 0.031203125000000043 0.09249999999999999
4 0.41765625 0.3628148148148148 0.031203125000000043 0.09249999999999999
4 0.3686458333333333 0.35387962962962966 0.031203125000000043 0.09249999999999999
3 0.8570989583333334 0.6831296296296296 0.04227083333333326 0.14594444444444435
3 0.6984947916666666 0.3764074074074074 0.04227083333333326 0.14594444444444446
3 0.5005260416666667 0.6872314814814815 0.042270833333333376 0.14594444444444435
3 0.6599010416666666 0.7126111111111111 0.04227083333333326 0.14594444444444454
3 0.45421354166666666 0.6872222222222223 0.042270833333333376 0.14594444444444435