4 0.11694270833333334 0.7009537037037037 0.05166666666666666 0.09424074074074072
4 0.2580572916666667 0.6983518518518519 0.05697395833333336 0.10758333333333338
4 0.39965625 0.7039907407407406 0.05410937500000005 0.10644444444444448
4 0.06842187500000001 0.6979166666666666 0.049135416666666674 0.08815740740740743
4 0.16198958333333333 0.3535185185185185 0.04958854166666669 0.0908240740740741
4 0.4291979166666666 0.360462962962963 0.058656249999999945 0.11729629629629625
4 0.60546875 0.7052962962962963 0.04931770833333336 0.09424074074074072
4 0.9624010416666666 0.3663240740740741 0.059328124999999926 0.09814814814814815
4 0.06548958333333334 0.3676203703703703 0.048677083333333336 0.1062314814814815
4 0.3244635416666667 0.3606759259259259 0.06347916666666673 0.12478703703703702
4 0.8090833333333334 0.7005185185185184 0.059755208333333344 0.10525000000000007
4 0.5239270833333334 0.35525 0.04904166666666665 0.10449074074074076
4 0.21838541666666667 0.360462962962963 0.05071875 0.0970555555555556
4 0.9008802083333334 0.34938888888888886 0.05920312500000004 0.0967314814814815
4 0.8466822916666668 0.35633333333333334 0.05319270833333339 0.09830555555555552
4 0.5854479166666666 0.35286111111111107 0.05331250000000007 0.10801851851851849
4 0.6430677083333334 0.35915740740740737 0.05252083333333341 0.10069444444444445
4 0.7944322916666666 0.34591666666666665 0.048036458333333344 0.09162962962962966
4 0.27051041666666664 0.3621944444444445 0.04885937499999997 0.09619444444444443
4 0.7055677083333334 0.6983518518518519 0.05572395833333322 0.11285185185185195
4 0.7456041666666666 0.3546018518518519 0.0535885416666666 0.09743518518518521
4 0.5502916666666666 0.6944444444444444 0.05224479166666664 0.10200000000000008
4 0.4822916666666667 0.37919444444444445 0.06347916666666673 0.12478703703703702
4 0.13845833333333332 0.36614814814814817 0.06347916666666667 0.12478703703703702
3 0.6914583333333333 0.35358333333333336 0.039161458333333364 0.08028703703703707
4 0.052703124999999997 0.3337685185185185 0.022203124999999997 0.038435185185185176
3 0.76053125 0.7042129629629629 0.039161458333333364 0.08028703703703707
3 0.849671875 0.6815555555555556 0.039161458333333364 0.08028703703703707
3 0.6555625 0.695962962962963 0.039161458333333364 0.08028703703703707
3 0.5031302083333333 0.6815370370370369 0.039161458333333364 0.08028703703703707
3 0.45411979166666666 0.694574074074074 0.039161458333333364 0.08028703703703707
3 0.35108333333333336 0.7021111111111111 0.039161458333333364 0.08028703703703707
3 0.30438541666666663 0.7041574074074074 0.039161458333333364 0.08028703703703707
3 0.20520833333333333 0.6924907407407407 0.039161458333333364 0.08028703703703707