3 0.167234375 0.6909722222222222 0.04779166666666666 0.0926666666666666
4 0.12084895833333334 0.7000833333333334 0.052244791666666665 0.09494444444444441
4 0.260984375 0.6983518518518519 0.05581770833333331 0.11040740740740741
4 0.278078125 0.3576388888888889 0.050416666666666644 0.09743518518518521
4 0.40722916666666664 0.7035555555555556 0.05749479166666672 0.11040740740740741
4 0.806640625 0.34700925925925924 0.04867708333333335 0.0933703703703704
3 0.4868177083333334 0.3532962962962963 0.04779166666666666 0.10090740740740742
4 0.8071302083333334 0.4648425925925926 0.061526041666666725 0.05392592592592593
4 0.5346666666666666 0.35286111111111107 0.04904166666666665 0.10801851851851849
4 0.22644270833333333 0.35568518518518516 0.05108854166666668 0.0963518518518518
4 0.8603541666666668 0.35568518518518516 0.053713541666666725 0.09923148148148145
3 0.12890625 0.35547222222222224 0.046203125000000005 0.09185185185185189
4 0.073546875 0.6944444444444444 0.04867708333333332 0.08750925925925924
4 0.916015625 0.34917592592592595 0.059755208333333344 0.09830555555555552
4 0.6538072916666666 0.3559074074074074 0.05270312500000003 0.10221296296296295
4 0.07134895833333334 0.3613240740740741 0.04995833333333334 0.10606481481481478
4 0.3334947916666666 0.35785185185185187 0.06408854166666664 0.12750000000000003
4 0.5971666666666666 0.3517777777777778 0.0535885416666666 0.10758333333333328
4 0.6137708333333334 0.7061666666666666 0.04885937499999997 0.09439814814814819
4 0.4372552083333333 0.35676851851851854 0.05856250000000003 0.11816666666666667
3 0.017578125 0.4683148148148148 0.033781250000000006 0.0466851851851852
3 0.5180677083333334 0.5629351851851853 0.062437500000000055 0.04502777777777788
4 0.1696770833333333 0.34938888888888886 0.04977604166666663 0.0933703703703704
4 0.5595729166666668 0.6974814814814815 0.05224479166666664 0.10335185185185175
4 0.8212916666666668 0.7052962962962963 0.06143229166666657 0.10606481481481478
4 0.9736979166666667 0.3675925925925926 0.05260416666666667 0.1
4 0.7192395833333334 0.7048611111111112 0.05611979166666667 0.11425925925925934
3 0.9033229166666668 0.9809074074074076 0.012968750000000048 0.03697222222222207